01010000
01010500
01013500
01015800
01017000
01017290
01018035
01027200
01030500
01031500
01034000
01042500
01046500
01047000
01048000
01049000
01049500
01053500
01053600
01054000
01054500
01059000
01076500
01081000
01081500
01085500
01092000
01096500
01099500
01129500
01130000
01131500
01135500
01138500
01144000
01151500
01152500
01160350
01161000
01166500
01168500
01170000
01173500
01177000
01183500
01188090
01189995
01315500
01321000
01325000
01327750
01329490
01334500
01343060
01346000
01347000
01350000
01350101
01350180
01350355
01351500
01357500
01364500
01367500
01371500
01375000
01417000
01417500
01420500
01421000
01423000
01425000
01426500
01427207
01427510
01428500
01431500
01434000
01437500
01438500
01442500
01447800
01449000
01451000
01453000
01465500
01470500
01471000
01471510
01472000
01473000
01473500
01474500
01498620
01502500
01502632
01502731
01503000
01505000
01505810
01507000
01509000
01512500
01518000
01518700
01520000
01520500
01525500
01526500
01529500
01529950
01530332
01531000
01532000
01534000
01536000
01539000
01541000
01541200
01541303
01542500
01543000
01543500
01544000
01545000
01545500
01547200
01547500
01548500
01549700
01552000
01555000
01556000
01558000
01559000
01562000
01563200
01563500
01566000
01567000
01568000
01570000
01571500
01573000
01573560
01573825
01574000
01576500
01576754
01595500
01595800
01598500
01600000
01601500
01603000
01604500
01606000
01606500
01608000
01608500
01610000
01611500
01614000
01614500
01616500
01619500
01622000
01625000
01627500
01628500
01629500
01631000
01632000
01633000
01634000
01636500
01642190
01643000
01644000
01AF007
01AL002
01AM001
01AN002
01AP004
01BC001
01BD008
01BE001
01BJ007
01BP001
01BQ001
02011800
02013100
02016000
02016500
02018000
02019500
02021500
02024000
02024752
02025500
02026000
02030500
02034000
02044500
02045500
02047000
02047500
02051500
02052000
02053200
02054500
02054530
02055000
02056000
02058400
02060500
02061500
02062500
02066000
02069000
02070500
02071000
02072000
02072500
02073000
02074000
02075045
02075500
02077000
02077500
02087500
02088500
02089500
0209205053
02096500
02096960
02100500
02102000
02102500
02103000
02106500
02109500
02110500
02112000
02112250
02113850
02115360
02116500
02118000
0212433550
02124742
02126000
02130980
02131500
02133624
02134170
02134480
02134500
02135000
02136000
02140991
02145000
02146000
02146800
02147020
02147500
02151500
02153200
02153551
02155500
021556525
02156500
02160105
02160390
02160700
02162500
02163500
02166501
02167000
02167450
02168504
02169000
02177000
02191300
02191743
02192500
02193500
02196000
02197830
02198000
02200120
02202190
02202500
02202600
02202680
02203000
02207220
02207335
02208000
02210500
02212735
02213000
02215000
02215900
02217475
02217500
02217770
02218300
02220900
02223000
02223248
02225500
02231600
02232000
02232400
02232500
02233484
02233500
02234000
02234500
02236000
02236125
02237293
02238000
02240000
02240500
02244440
02246025
02256500
02270500
02314500
02315500
02315920
02316000
02317500
02317620
023177483
02318000
02318380
02318500
02318700
02319000
02319394
02321500
02322500
02322800
02331600
02334430
02335000
02335450
02337000
02337040
02337170
02338000
02338500
02339500
02341800
02342500
02343225
02344500
02347500
02349605
02350600
02350900
02351890
02353265
02353500
02354800
02355350
02357000
02358789
02359000
02361000
02361500
02363000
02364500
02365200
02365500
02366000
02367900
02369000
02369600
02370000
02370500
02371500
02372250
02372422
02373000
02374250
02374700
02375500
02380500
02382500
02383500
02384500
02387000
02387500
02388350
02388500
02394000
02395000
02395980
02398300
02399200
02400100
02404400
02408540
02411930
02412000
02413300
02414715
02418500
02419000
02421000
02422500
02423425
02423496
02423500
02423555
02424000
02425000
02427250
02436500
02437100
02438000
02439400
02442500
02443500
02446500
02448000
02450000
02450180
02453500
02455000
02455900
02456500
02464000
02467500
02472000
02472500
02472850
02473500
02474500
02474560
02474600
02475000
02475500
02476600
02477000
02477990
02478500
02479130
02479160
02479300
02481880
02482000
02482550
02483000
02483500
02484000
02486000
02487500
02490500
02492000
02AB021
02EA005
02ED101
02FE009
02FE013
02GA038
02GB007
02GC002
02GD004
02JB013
02LB008
02LD005
02MC001
02NE011
02NF003
02OB037
02OE032
02OG026
02OJ024
02PA007
02PB006
02PD002
02PJ030
02RC011
02RD003
02RH035
02RH045
02XA003
03007800
03010500
03011020
03012550
03014500
03015000
03015500
03016000
03020000
03020500
03021520
03023100
03024000
03029500
03030500
03032500
03036000
03039000
03040000
03041029
03041500
03047000
03048500
03051000
03053500
03054500
03058975
03061000
03065000
03069500
03070500
03072000
03076500
03077500
03079000
03081000
03081500
03082500
03083500
03085500
03090500
03091500
03097550
03098600
03102850
03103500
03105500
03106000
03106500
03107500
03109500
03112000
03114500
03115400
03117000
03117500
03124500
03129000
03136500
03139000
03142000
03146500
03155000
03155220
03157500
03159500
03161000
03164000
03165500
03167000
03168000
03170000
03171000
03173000
03175500
03176500
03179000
03183500
03184000
03189100
03190400
03192000
03194700
03197000
03198500
03200500
03201902
03202000
03202400
03203600
03205470
03207800
03208500
03209000
03209500
03212500
03212980
03213700
03214500
03216500
03217000
03217500
03219500
03221000
03225500
03226800
03227500
03229500
03229610
03230500
03230800
03232000
03234000
03234300
03237255
03237500
03238500
03245500
03247500
03249500
03250500
03251200
03251500
03253500
03254520
03261500
03262000
03262700
03263000
03265000
03266000
03267900
03269500
03270000
03270500
03271601
03272000
03272100
03274000
03275000
03275600
03276500
03277500
03280000
03281000
03281500
03282000
03282120
03282290
03283500
03285000
03289500
03291500
03295890
03298500
03300400
03301000
03301500
03302800
03303000
03308500
03310300
03314000
03314500
03320500
03322900
03322985
03324000
03324300
03325000
03326500
03327500
03328000
03328500
03329700
03331500
03331753
03332555
03332605
03333050
03333700
03334000
03334500
03335000
03338780
03339000
03339500
03341300
03342500
03345500
03346000
03346500
03347000
03348000
03348130
03349000
03351000
03352500
03353000
03353611
03353800
03354000
03358000
03360000
03361500
03362500
03363500
03363900
03364000
03364650
03365500
03366500
03369500
03371500
03375500
03376300
03376500
03378000
03378635
03379500
03380500
03381500
03383000
03384100
03401000
03403910
03404000
03404500
03406500
03408500
03409500
03410210
03414500
03421000
03424730
03427500
03432400
03433500
03434500
03436100
03438000
03443000
03447687
03451500
03453500
03455000
03459500
03460795
03461500
03465500
03467000
03467609
03473000
03475000
03488000
03498500
03498850
03503000
03510577
03513000
0351706800
03524000
03527000
03527220
03528000
03531500
03532000
03539800
03540500
03566000
03571000
03574500
03575100
03582000
03584020
03584600
03588500
03597860
03598000
03599240
03599500
03601990
03603000
03604000
03604400
03612000
03NF001
03PB002
04024000
04024430
04027000
04027500
04029990
04031000
04034500
04041500
04045500
04056500
04058100
04059000
04059500
04060993
04062000
04062011
04062500
04063000
04063500
04064500
04065106
04065722
04066003
04066030
04066500
04066800
04067958
04069416
04069500
04071000
04071765
04073365
04073500
04074950
04078500
04079000
04080000
04081000
04085427
04086000
04086600
04087000
04096405
04097500
04099750
04100500
04101000
04101500
04101800
04102500
04103010
04103500
04105000
04105500
04106000
04108660
04108670
04111000
04112500
04113000
04114000
04114498
04115000
04116000
04117500
04121300
04121500
04122200
04122500
04124000
04124200
04125460
04125550
04133501
04135700
04136000
04136500
04136900
04137005
04137500
04142000
04146063
04147500
04148500
04149000
04150500
04151500
04154000
04155000
04155500
04156000
04159492
04161820
04164000
04164500
04165500
04172000
04174500
04176000
04176500
04178000
04180000
04180500
04181500
04182000
04183000
04184500
04185000
04186500
04188400
04189000
04191500
04195500
04195820
04196500
04196800
04198000
04199000
04199500
04200500
04201500
04208504
04209000
04212100
04213500
04218000
04221000
04223000
04227500
04228500
04229500
04230500
04232482
04232730
04235440
04235600
04237500
04247000
04250200
04252500
04258000
04260500
04262000
04262500
04263000
04265432
04266500
04267500
04268000
04269000
04273500
04275500
04276500
04282000
04282500
04286000
04292000
04292500
04293500
04294000
04AA004
04GA002
04KA001
04MF001
05030500
05046000
05050000
05051300
05051600
05052500
05053000
05054500
05055300
05055400
05056000
05057200
05059700
05060000
05060100
05061000
05061500
05062000
05062500
05066500
05074500
05076000
05078000
05078230
05078500
05082625
05084000
05087500
05090000
05094000
05107500
05112000
05116500
05123400
05123510
05127000
05129115
05131500
05132000
05200510
05211000
05212700
05244000
05247500
05270500
05280000
05286000
05290000
05291000
05292000
05293000
05294000
05300000
05304500
05313500
05315000
05316500
05317000
05319500
05320000
05320500
05333500
05336700
05338500
05341500
05353800
05355200
05356000
05356500
05360500
05362000
05368000
05369000
05372995
05379500
05381000
053813595
05382000
05383075
05383950
05385000
05387440
05387500
05389000
05391000
05395000
05396000
05397500
05399500
05402000
05405000
05408000
05410490
05411850
05412020
05412400
05412500
05413500
05416900
05418400
05418500
05419000
05420680
05421000
05421740
05422000
05427085
05427530
05427570
05428500
05429500
05429700
05430175
05430500
05431486
05432500
05433000
05434500
05435500
05436500
05437050
05439500
05440000
05447500
05449500
05451210
05451500
05453100
05453520
05454500
05455100
05455500
05457700
05458000
05458500
05458900
05459500
05462000
05463000
05463500
05464220
05466500
05469000
05470000
05470500
05471000
05471200
05471500
05472500
05473400
05476000
05476750
05479000
05481000
05481950
05482300
05482500
05483450
05483600
05484000
05484500
05484650
05484900
05486490
05487470
05487980
05489000
05495000
05495500
05496000
05497150
05498150
05498700
05500000
05501000
05502300
05502500
05504800
05506350
05506800
05507800
05508805
05514500
05515500
05516500
05517000
05517500
05517530
05518000
05520500
05522500
05524500
05525000
05525500
05526000
05528000
05529000
05532500
05540500
05542000
05545750
05551000
05551540
05552500
05554500
05555300
05556500
05567500
05568000
05569500
05570000
05570910
05572000
05573540
05576000
05576500
05578500
05579500
05580000
05582000
05584500
05585000
05585830
05587000
05587900
05590950
05591200
05592000
05592100
05593000
05594000
05594800
05597000
05599490
05AA028
05AF010
05AH041
05BH009
05CA012
05CB002
05CC008
05CK007
05DC011
05DE007
05DF003
05DF004
05DF006
05ED002
05EE009
05FF003
05HA015
05HD036
05JB004
05JC004
05JM010
05LD001
05LE004
05LE006
05LJ005
05LJ007
05LL015
05MC001
05ME003
05MF001
05MH007
05NE003
05OE004
05PB018
05PH003
05QE008
05SA002
05TE002
05TF002
05TG002
05TG003
05UA003
05UF004
05UG001
05UH002
06012500
06016000
06017000
06018500
06019500
06020600
06024450
06024540
06025250
06025500
06033000
06036905
06037500
06038500
06038800
06040800
06041000
06043500
06048700
06052500
06071300
06073500
06077200
06077500
06085800
06088500
06089000
06091700
06099000
06108000
06108800
06114700
06119600
06120500
06123030
06126050
06131000
06139500
06154400
06154550
06166000
06167500
06177500
06186500
06188000
06191000
06191500
06192500
06195600
06200000
06205000
06207500
06208500
06218500
06220800
06225000
06225500
06227600
06228000
06235500
06253000
06276500
06279940
06280300
06281000
06282000
06285100
06294000
06295250
06298000
06299980
06305700
06306250
06306300
06307500
06307600
06307616
06307740
06308400
06313500
06316400
06317020
06324000
06324970
06331000
06332770
06334500
06336600
06339100
06339500
06340000
06340500
06345500
06345780
06347000
06347500
06348300
06349000
06350000
06351200
06352000
06353000
06354580
06354882
06355500
06356500
06359500
06365900
06400000
06406500
06410500
06411500
06414000
06418900
06421500
06425100
06425500
06425720
06426500
06428200
06428500
06429905
06430500
06433000
06436760
06439000
06440200
06441500
06445685
06446000
06447230
06447500
06449100
06449500
06450500
06452320
06453600
06463500
06464100
06464500
06466500
06468170
06468250
06469400
06470000
06471200
06477500
06478600
06479010
06481500
06482610
06483290
06483500
06600100
06600500
06602020
06602400
06605000
06605850
06606600
06607200
06607500
06608500
06609500
06620000
06625000
06634620
06635000
06639000
06659500
06661585
06664400
06700000
06701500
06701900
06707500
06709000
06709530
06710247
06711500
06711565
06713500
06719505
06730200
06730500
06738000
06741510
06751150
06751490
06752000
06752260
06752280
06755960
06762500
06784000
06786000
06794000
06795500
06797500
06799000
06799100
06799500
06800000
06803080
06803486
06803500
06803513
06803555
06804000
06804700
06806500
06807410
06808500
06809210
06809500
06810000
06811500
06813000
06814000
06815000
06817000
06817700
06820410
06820500
06821150
06821190
06827500
06834000
06835500
06836500
06838000
06844900
06845000
06846000
06846500
06847500
06847900
06853800
06860000
06863500
06866900
06867000
06868200
06869500
06871000
06871500
06872500
06873460
06874000
06876700
06878000
06880800
06881000
06883000
06884000
06884025
06884200
06884400
06885500
06888000
06888500
06889500
06890900
06891500
06892000
06893578
06896000
06897500
06898000
06899500
06899700
06900050
06901500
06904010
06904050
06904500
06905500
06906000
06906300
06906800
06908000
06910750
06911000
06912500
06913000
06913500
06914100
06915800
06916600
06917000
06917060
06917380
06917500
06917560
06917680
06918060
06918440
06918460
06918740
06919020
06919500
06919900
06921070
06921350
06921590
06921720
06921760
06923250
06923950
06927000
06927240
06928000
06928430
06930000
06930060
06932000
06933500
06934000
06AC001
06BA002
06BB005
06BD001
06DA004
06FB002
07010350
07013000
07014000
07014500
07016500
07018100
07018500
07019000
07021000
07024500
07025400
07026040
07027720
07028960
07029500
07030050
07030240
07030392
07030500
07031740
07035800
07036100
07037500
07039500
07040100
07040450
07047942
07047950
07048600
07049000
07050500
07050700
07052250
07052345
07052500
07052820
07054080
07055607
07056000
07056700
07057500
07058000
07061500
07062500
07063000
07064000
07064533
07065495
07066000
07067000
07068000
07068510
07069305
07069500
07071500
07072000
07075000
07076517
07077380
07086000
07087050
07091200
07093700
07094500
07096000
07096250
07104000
07104905
07105500
07105530
07105800
07106000
07106300
07106500
07108900
07116500
07119500
07121500
07124200
07124410
07126300
07126485
07128500
07140900
07141175
07141200
07141770
07141780
07141900
07142020
07142300
07142575
07143300
07143665
07143672
07144100
07144780
07144795
07145200
07145500
07147070
07147800
07148400
07149000
07151500
07152000
07153000
07154500
07155590
07160500
07166500
07169500
07169800
07170500
07170990
07171000
07172000
07174400
07175500
07176500
07177500
07178000
07178200
07179500
07179730
07179750
07179795
07180400
07182250
07182510
07183000
07184000
07185700
07185765
07186000
07187000
07187600
07188000
07188838
07188885
07189000
07191000
07191288
07195400
07195430
07195500
07196090
07196500
07197000
07198000
07203000
07207000
07211500
07216500
07218000
07226500
07227100
07230000
07230500
07231000
07233500
07233650
07242380
07243500
07247000
07247015
07249413
07251500
07257006
07257500
07258500
07260500
07260673
07261500
07263012
07264000
07268000
07274000
07283000
07285500
07288280
07288500
07289730
07290000
07290650
07292500
07297910
07299670
07300000
07300500
07301110
07301410
07301420
07301500
07303000
07303400
07307800
07308200
07311000
07311500
07311700
07311800
07311900
07312100
07312200
07312500
07312700
07314500
07315700
07316500
07324200
07325000
07325500
07326000
07326500
07327550
07332500
07332620
07332622
07334000
07335000
07335300
07335790
07336200
07337900
07338500
07338750
07339000
07340000
07341200
07342500
07343000
07343200
07343450
07343500
07344493
07346000
07346045
07346070
07348700
07351750
07356000
07359002
07362100
07362500
07363000
07363200
07363400
07363500
07372050
07372200
07382000
07AC007
07AF013
07AG003
07AH002
07BB005
07BC006
07BF009
07DA008
07EA004
07EA007
07EB002
07EC003
07EC004
07EE007
07FA005
07FA006
07FB001
07FB002
07FB003
07FB006
07FB008
07FB009
07FC003
07FD001
07FD006
07FD007
07FD011
07GC002
07GD001
07GD002
07GG003
07JF002
07MB001
08013000
08013500
08014500
08015500
08017410
08018500
08019000
08019200
08019500
08020000
08020450
08020900
08022040
08028000
08032000
08033500
08034500
08036500
08041500
08041749
08042800
08044000
08044500
08047000
08047500
08048000
08048543
08049500
08050100
08051500
08053000
08053500
08055000
08055500
08061750
08062000
08063100
08064100
08065800
08079600
08080700
08083230
08084000
08084800
08086050
08086212
08086290
08091500
08092000
08095000
08095200
08099100
08099300
08099500
08100000
08100500
08101000
08102500
08103800
08104100
08104700
08105700
08109700
08109800
08110000
08110100
08110325
08110500
08110800
08111700
08117500
08120500
08121000
08127000
08128000
08133250
08134000
08134250
08143600
08144500
08144600
08145000
08148500
08150000
08150700
08150800
08152000
08152900
08153500
08159000
08165500
08166140
08166200
08167000
08167500
08167800
08168500
08169792
08171000
08171300
08172000
08173000
08173900
08174600
08175000
08176900
08177500
08178880
08180500
08180700
08180720
08181480
08181500
08181800
08183500
08185000
08185500
08186000
08186500
08190000
08190500
08192000
08194200
08195000
08197500
08198000
08198500
08205500
08206700
08207500
08208000
08219500
08220000
08227000
08246500
08250000
08255500
08261000
08276300
08279000
08284100
08285500
08286500
08287000
08289000
08290000
08317200
08317950
08324000
08328950
08329000
08334000
08340500
08343000
08376300
08379500
08382000
08382500
08382600
08382650
08390500
08390800
08397600
08397620
08398500
08401200
08401900
08405105
08405150
08405500
08406000
08408500
08433000
08447020
08CD001
08EB004
08EC013
08EE004
08EE013
08EE020
08EF005
08EG012
08JB003
08KA001
08KC001
08KD006
08KD007
08KH001
08KH010
08KH019
08LA001
08LB020
08LB047
08LB069
08LD001
08LE027
08LG008
08LG048
08MA001
08MF065
08MG001
08MG013
08NA002
08NA006
08NB005
08NB012
08NB014
08NB019
08NC004
08ND012
08ND013
08NE039
08NH005
08NH007
08NH119
08NH130
08NJ013
08NK002
08NK016
08NK018
08NL024
08NL050
08NN002
08NP001
09019500
09033300
09034250
09038500
09041400
09050700
09057500
09058000
09067020
09070000
09080400
09081000
09083800
09085000
09097900
09105000
09109000
09110000
09112200
09112500
09114500
09118450
09124500
09132500
09134100
09136100
09147025
09147500
09149500
09166500
09168730
09169500
09171100
09172500
09174600
09177000
09188500
09205000
09209400
09213500
09216050
09224700
09229500
09237450
09237500
09239500
09242500
09246400
09246500
09251000
09253000
09277500
09288180
09295000
09301500
09302000
09304115
09304200
09304500
09304800
09306200
09306222
09306255
09306290
09314500
09328500
09330000
09337500
09342500
09346400
09349800
09353800
09354500
09355500
09359500
09361500
09362520
09363500
09364010
09364500
09366500
09367000
09367500
09371000
09371520
09372000
09379200
09381800
09382000
09384000
09385700
09386950
09397500
09399400
09400562
09400568
09401110
09403600
09404110
09404208
09404343
09404900
09406000
09406100
09408135
09408150
09409880
09413000
09413200
09414900
09417500
09418500
09424447
09424900
09430500
09431500
09432000
09442680
09444000
09444200
09444500
09447800
09468500
09470500
09471000
09471550
09471800
09472050
09473000
09481740
09481770
09482500
09484500
09484600
09485450
09485700
09486055
09486350
09486500
09486520
09486800
09487000
09489500
09490500
09494000
09496500
09497500
09497800
09497980
09498400
09499000
09502800
09503700
09504000
09504420
09504500
09505800
09507980
09512500
09512800
09516500
09517000
10016900
10020100
10020300
10028500
10038000
10039500
10068500
10109001
10113500
10129500
10130500
10131000
10132000
10136500
10140100
10141000
10146400
10150500
10155000
10155200
10163000
10174500
10183500
10189000
10293000
10296500
10297500
10300000
10309000
10310407
10311000
10311400
10311700
10312000
10315500
10317500
10321590
10321940
10321950
10322000
10324500
10329000
10337500
10338000
10346000
10347460
10348000
10348200
10350000
10350340
10351600
10352500
10396000
10BE004
10BE007
10CB001
10CD004
11042000
11043000
11044000
11044300
11046000
11066460
11070150
11070210
11070365
11070500
11106550
11109000
11109375
11109525
11186001
11189500
11192500
11216200
11216500
11218400
11234750
11234760
11238600
11242000
11246700
11251000
11255575
11266500
11272500
11274790
11276500
11276600
11276900
11278300
11278400
11289651
11290000
11292615
11293200
11295300
11302000
11303000
11316670
11316700
11319500
11323500
11325500
11335000
11342000
11345500
11367500
11367760
11367800
11368000
11372000
11374000
11376000
11376550
11383500
11399500
11401112
11413000
11413517
11417500
11421000
11424000
11427000
11433300
11444500
11446500
11451000
11452500
11454000
11493500
11501000
11502500
11507500
11517000
11517500
11519500
11522500
11AC025
11AE009
12301300
12302055
12323600
12324200
12324400
12324590
12324680
12329500
12331500
12331800
12334510
12334550
12335100
12338300
12340000
12342500
12350250
12351200
12352500
12354000
12358500
12359800
12362500
12370000
12388200
12389500
12394000
12395000
12409000
12411000
12413000
12413470
12413500
12413860
12414500
12414900
12415140
12419000
12424000
12434590
12447383
12448000
12448500
12448998
12449500
12449950
12451000
12452500
12452800
12452990
12457000
12459000
12462500
12465000
12465400
12467000
12484500
12500450
12513000
13010065
13011000
13011900
13013650
13014500
13015000
13018750
13022500
13023000
13027500
13041010
13042500
13046000
13046995
13047500
13047600
13049500
13050500
13052200
13055000
13055340
13056500
13057940
13058000
13063000
13066000
13073000
13075500
13075910
13078000
13082500
13092747
13105000
13108150
13112000
13116500
13120500
13127000
13132500
13139500
13140800
13141500
13142500
13147900
13148500
13161500
13168500
13175100
13185000
13186000
13190500
13200000
13202000
13206000
13213000
13215000
13235000
13237920
13245000
13246000
13247500
13249500
13250000
13251000
13258500
13265500
13266000
13292000
13296500
13302500
13305000
13305310
13309220
13310199
13310700
13313000
13316500
13329770
13331450
13331500
13333000
13335050
13336500
13337000
13337500
13338500
13339500
13340600
13342450
13344500
13345000
13351000
14018500
14020850
14033500
14038530
14044000
14046000
14046778
14076500
14091500
14097100
14111400
14113000
14120000
14123500
14137000
14137002
14142500
14145500
14148000
14150000
14152000
14154500
14155500
14157500
14159500
14162500
14163150
14163900
14166000
14169000
14170000
14178000
14181500
14183000
14184100
14187200
14187500
14189000
14190500
14194150
14200000
14201340
14202000
14209500
14210000
14211010
14216000
14220500
14226500
14231000
14231900
14233500
14238000
14242580
14243000
14330000
14337500
14337600
14339000
14357500
14359000
14361500
14362000
14366000
14369500
14377100
