01116500
01124000
01184490
01192500
01196500
01208500
01349950
01379000
01379500
01381500
01381800
01387500
01388000
01389500
01391500
01394500
01395000
01400500
01401000
01402000
01412800
01421618
01454700
01463500
01464500
01464907
01467150
01474000
01477120
01478245
01479820
01481000
01482500
01487000
01491000
01493500
01531500
01540500
01553500
01591000
01594000
01594440
01594526
01621050
01632900
01639000
01649500
01651800
01654000
01667500
01668000
01673000
01674500
02035000
02041650
02042500
02083500
02084160
0208524090
02085500
02086849
02091500
02096846
02097464
02105769
02131000
02198500
02204070
02215500
02225000
02228000
02248000
02266300
02266500
02269520
02273000
02294650
02294898
02295420
02295637
02296500
02296750
02297310
02298123
02298830
02299950
02300100
02300700
02301000
02301300
02301500
02301990
02302500
02303000
02303330
02303350
02303800
02307000
02308935
02310000
02310947
02312500
02312600
02320500
02329000
02334885
02336300
02336410
02349500
02392000
02397000
02398000
0242354750
03073000
03150000
03230450
03290500
03336645
03336900
03466208
04072150
04073462
04073468
040851385
04087030
04087088
04087120
04087159
04145000
04166500
04192500
04193500
04197100
04208000
0422026250
04231600
04232034
04232050
0423205010
04250750
05051522
05054000
05056100
05059000
05085000
05120500
05287890
05288705
05325000
05330000
05369500
05406500
05407000
05424057
05427718
05427948
054310157
05431016
05431017
05431022
05437500
05443500
05444000
05446500
05465500
05474000
05490500
05527500
05527800
05531500
05532000
05534500
05536000
05536275
05539000
05539900
05540095
05543500
05548280
05550000
05550500
05551700
05568800
05583000
05591700
05592500
05592800
05592900
05594100
05594450
05595200
05595730
05597500
05599500
06236100
06279500
06308500
06324500
06326500
06332515
06452000
06461500
06465500
06471000
06485500
06630000
06714000
06720500
06754000
06799350
06800500
06824500
06844500
06877600
06882000
06887000
06893500
06893557
06894000
06902000
06918070
07031692
07047800
07077555
07097000
07103700
07103970
07183500
07189540
07194800
07195000
07195865
07196000
07196900
07227500
07237500
07241550
07242000
07277700
07288650
07288955
07331000
07364133
07364150
07369500
07385700
08057200
08057410
08062500
08062700
08065350
08066500
08068000
08068090
08068500
08069000
08070200
08073600
08106500
08123850
08154700
08155200
08158600
08164000
08164503
08178800
08188500
08210000
08276500
08313000
08396500
09041090
09066510
09152500
09163500
09260050
09368000
09415000
09419700
09419753
09419800
09448500
09466500
09498500
09508500
10126000
10168000
10171000
10301500
10336660
10336698
11074000
11152300
11181008
11467000
12510500
14201300
14206950
14207500
394839104570300
