01491000
01493112
01534000
01540500
01549700
01553850
01558000
01567000
01570500
01573160
01573695
01573710
01574000
01575598
01576000
015765195
01576754
01576767
01577500
01578310
01581752
01591000
01594440
01594526
01604500
01608500
01611500
01613030
01614500
01616400
01616500
01618100
01621050
01631000
01632900
15475
15476
15478
15479
15480
15795
17191
199869
202926
202934
202940
202941
202942
202944
202955
202961
202966
216915
217063
217071
217088
217121
217325
217417
217658
217708
217763
218184
218420
218624
218724
218730
218737
218767
218816
218875
218902
218924
218986
219041
219213
219258
219428
219629
219644
219690
219712
219748
219908
219928
219963
219995
220013
220138
220170
220199
220211
220369
220371
220376
220451
220514
220662
220666
220725
220986
220992
221096
221261
221263
221275
221325
221375
221415
221475
221569
221592
221673
221748
221897
222064
222289
222306
222492
222763
222783
222843
223003
223064
223384
223742
223780
223866
224123
224247
224463
224590
224648
224714
224756
224839
232946
259908
37078
37079
37080
416580
416603
416610
416614
416637
416641
416659
416669
416679
416685
416691
416694
416697
416698
416701
416716
416725
416733
416744
416752
416754
416758
416770
416780
416793
416798
416801
416804
416821
416822
416855
416873
416892
416904
416929
416939
416947
416948
416949
416953
416956
416969
416976
416991
416992
417025
417032
417037
417041
417052
417060
417063
417070
417078
417090
417091
417093
417113
417115
417117
417138
417142
417143
417179
417201
417223
417229
417234
417241
417260
417262
417275
417276
417277
417288
417302
417305
417314
417317
417323
417335
417339
417342
417345
417356
417360
417364
417374
417391
417394
417399
417404
417405
417422
417426
417437
417448
417458
417461
417470
417482
417488
417500
417503
417510
417517
417519
417526
417531
417538
417560
417564
417565
417575
417576
417578
417581
417582
417586
417597
417601
417609
417610
417621
417622
417624
417629
417640
417641
417646
417686
417704
417721
417722
417732
417742
417748
417749
417754
417772
417775
417778
417779
417780
417784
417785
417786
417805
417808
417813
417814
417828
417837
417842
417845
417849
417862
417873
417877
417891
417895
417896
417898
417899
417902
417904
417916
417918
417919
417920
417930
417941
417944
417945
417952
417958
417961
417969
417977
417981
417997
417999
418006
418007
418023
418024
418033
418042
418057
418087
418094
418123
418140
418150
418153
418155
418156
418159
418179
418191
418201
418205
418213
418220
418232
418238
418265
418279
418280
418286
418288
418291
418292
418296
418313
418317
418324
418326
418344
418357
418380
418383
418384
418402
418412
418417
418418
418426
418433
418435
418440
418459
418462
418481
418488
418525
418526
418536
418555
418570
418571
418576
418614
418658
418661
418663
418676
418698
418700
418715
418726
436258
436262
436264
436267
436271
436306
436313
436583
438941
447708
479702
479703
479710
479713
479714
479715
479717
479722
479730
479738
479741
479743
479745
48259
643260
643261
643262
643396
643535
643536
645709
645714
645722
645725
645726
645799
645832
645835
645837
645866
645867
645872
645873
645874
645878
645880
645881
645883
645887
645892
645893
645895
645898
645899
645901
645902
645904
646031
646040
646041
6574
6591
6593
6594
6600
6610
6612
6619
6624
6633
6636
6639
6645
6646
7124
734084
734092
734093
734098
734099
734103
734106
734107
734110
734112
734128
734131
734140
734141
734153
734157
734165
734167
734168
790109
790110
790111
802558
802594
802609
802632
802642
802647
802649
802651
802719
802727
802737
802747
802815
802820
802824
802825
802851
802875
802878
802885
802888
802936
802951
802968
802984
802997
803023
803031
803057
803063
803065
803070
803082
803089
803111
803114
803160
803178
803192
803210
803211
803213
803215
803231
803241
803262
803265
803284
803312
803313
803314
803358
803366
803373
803381
803419
803423
803433
803439
803456
803461
803470
803479
803514
803523
803589
803592
803618
803636
803650
803670
803682
803698
803732
803744
803745
803761
803768
803796
803799
803802
803812
803840
803846
803848
803860
803866
803888
803890
803895
803906
803910
803924
803995
804021
804022
804043
804071
804103
804107
804127
804135
804145
804153
804161
804166
804193
804251
804279
804299
804314
804320
804335
804346
804354
804365
804378
804388
804393
804436
804475
804485
804486
804491
804498
804516
804523
804527
804528
804545
804547
804581
804597
804599
804600
804626
804630
804643
804658
804669
804672
804678
804688
804694
804707
804997
816046
816048
843919
843958
843960
843963
843985
843989
844002
844007
844033
844035
844049
894103
905383
905394
905397
905399
905401
905406
905409
905411
905421
905432
905434
