"STAID"	"SiteIndex"	"DRAIN_SQKM"	"HUC02"	"LAT_GAGE"	"LNG_GAGE"	"STATE"	"BOUND_SOURCE"	"CLASS"	"AGGECOREGION"	"HYDRO_DISTURB_INDX"	"nobs_TP_2019"	"nobs_TP_2012"	"mean_TP_2019"	"mean_TP_2012"	"nobs_Q"	"nobs_Q_2012"	"nobs_Q_pct"	"nobs_Q_2012_pct"
"01116500"	210	525	"01"	41.750934	-71.445058	"RI"	1	"Non-ref"	"NorthEast"	22	217	217	0.2944	0.2944	14610	12054	100	100
"01124000"	234	392	"01"	42.022319	-71.955629	"CT"	4	"Non-ref"	"NorthEast"	29	231	222	0.0887	0.0909	14610	12054	100	100
"01184490"	322	38.1	"01"	41.913889	-72.55	"CT"	4	"Non-ref"	"NorthEast"	12	207	157	0.0935	0.0908	13748	11192	94.1	92.85
"01189995"	333	1493	"01"	41.908431	-72.760651	"CT"	4	"Non-ref"	"NorthEast"	29	379	299	0.1101	0.1179	14610	12054	100	100
"01192500"	337	190.7	"01"	41.783155	-72.587311	"CT"	4	"Non-ref"	"NorthEast"	26	256	190	0.3337	0.3593	14610	12054	100	100
"01196500"	345	285.7	"01"	41.449542	-72.840934	"CT"	4	"Non-ref"	"NorthEast"	22	469	346	0.3052	0.3507	14610	12054	100	100
"01208500"	369	674.4	"01"	41.442319	-73.062608	"CT"	4	"Non-ref"	"NorthEast"	31	416	335	0.4292	0.4507	14610	12054	100	100
"01349950"	443	177.9	"02"	42.308418	-74.389869	"NY"	1	"Non-ref"	"NorthEast"	16	85	85	0.0834	0.0834	8127	5571	55.63	46.22
"01379000"	505	140.4	"02"	40.68	-74.528889	"NJ"	4	"Non-ref"	"SEPlains"	18	76	76	0.1289	0.1289	14610	12054	100	100
"01379500"	506	256	"02"	40.726111	-74.389722	"NJ"	4	"Non-ref"	"SEPlains"	23	101	101	0.411	0.411	14610	12054	100	100
"01381500"	514	76.9	"02"	40.807222	-74.456944	"NJ"	4	"Non-ref"	"NorthEast"	21	78	78	0.2347	0.2347	14610	12054	100	100
"01381800"	515	180	"02"	40.845	-74.347222	"NJ"	1	"Non-ref"	"SEPlains"	28	163	135	0.2585	0.2835	8492	5936	58.12	49.25
"01387500"	526	318.8	"02"	41.098056	-74.162778	"NJ"	1	"Non-ref"	"NorthEast"	24	156	131	0.1656	0.1584	14610	12054	100	100
"01388000"	527	420.6	"02"	40.991972	-74.279861	"NJ"	1	"Non-ref"	"NorthEast"	25	122	122	0.0771	0.0771	14425	11869	98.73	98.47
"01389500"	529	1982	"02"	40.884722	-74.226111	"NJ"	1	"Non-ref"	"NorthEast"	33	270	242	0.3663	0.3812	14610	12054	100	100
"01391500"	535	146.5	"02"	40.890278	-74.080556	"NJ"	1	"Non-ref"	"NorthEast"	22	197	169	0.7761	0.7737	14610	12054	100	100
"01394500"	539	67.1	"02"	40.6875	-74.311667	"NJ"	4	"Non-ref"	"SEPlains"	20	154	127	0.0861	0.0857	14610	12054	100	100
"01395000"	540	107.9	"02"	40.618889	-74.283333	"NJ"	1	"Non-ref"	"SEPlains"	20	158	132	0.0958	0.096	14519	11963	99.38	99.25
"01400500"	557	1271.5	"02"	40.555	-74.583611	"NJ"	1	"Non-ref"	"SEPlains"	27	89	89	0.0882	0.0882	14610	12054	100	100
"01401000"	558	115.2	"02"	40.333056	-74.681944	"NJ"	4	"Non-ref"	"SEPlains"	25	90	90	0.0853	0.0853	14610	12054	100	100
"01402000"	560	670.4	"02"	40.475	-74.575833	"NJ"	1	"Non-ref"	"SEPlains"	30	113	87	0.2694	0.2648	14609	12054	99.99	100
"01412800"	594	82	"02"	39.4725	-75.255556	"NJ"	4	"Non-ref"	"SECstPlain"	14	126	110	0.079	0.0788	9169	6613	62.76	54.86
"01421618"	612	37.3	"02"	42.361193	-74.662098	"NY"	1	"Ref"	"NorthEast"	12	175	175	0.0799	0.0799	8127	5571	55.63	46.22
"01454700"	686	3519	"02"	40.669266	-75.236288	"PA"	4	"Non-ref"	"EastHghlnds"	26	133	91	0.1447	0.131	9863	9405	67.51	78.02
"01463500"	694	17579.8	"02"	40.221667	-74.778056	"NJ"	4	"Non-ref"	"NorthEast"	27	322	233	0.0749	0.0765	14610	12054	100	100
"01464500"	697	200.8	"02"	40.137222	-74.6	"NJ"	1	"Non-ref"	"SECstPlain"	18	103	102	0.1991	0.1997	14610	12054	100	100
"01464907"	701	72.3	"02"	40.229275	-75.119616	"PA"	4	"Non-ref"	"SEPlains"	25	101	101	0.1341	0.1341	7707	5151	52.75	42.73
"01465500"	702	541.4	"02"	40.173998	-74.956834	"PA"	1	"Non-ref"	"SEPlains"	28	106	66	0.1495	0.1594	13514	12054	92.5	100
"01467150"	714	47	"02"	39.903056	-75.021389	"NJ"	4	"Non-ref"	"SECstPlain"	17	153	124	0.225	0.2254	14610	12054	100	100
"01472000"	733	2971.8	"02"	40.241763	-75.651575	"PA"	1	"Non-ref"	"EastHghlnds"	29	127	62	0.1206	0.1215	14610	12054	100	100
"01474000"	745	165	"02"	40.01539	-75.206846	"PA"	1	"Non-ref"	"SEPlains"	23	110	67	0.3705	0.4866	14610	12054	100	100
"01474500"	746	4896	"02"	39.967891	-75.188512	"PA"	4	"Non-ref"	"SEPlains"	28	147	147	0.2719	0.2719	14610	12054	100	100
"01477120"	756	67.4	"02"	39.740556	-75.259167	"NJ"	4	"Non-ref"	"SECstPlain"	16	200	171	0.1259	0.1294	14610	12054	100	100
"01478245"	760	153.4	"02"	39.7475	-75.770833	"PA"	1	"Non-ref"	"SEPlains"	18	75	53	0.0771	0.0838	8553	5997	58.54	49.75
"01479820"	764	71.5	"02"	39.816777	-75.691601	"PA"	1	"Non-ref"	"SEPlains"	24	89	55	0.1188	0.1393	11688	9132	80	75.76
"01481000"	776	755.2	"02"	39.869833	-75.593262	"PA"	1	"Non-ref"	"SEPlains"	29	106	70	0.0875	0.0976	14610	12054	100	100
"01482500"	778	37.5	"02"	39.643889	-75.330278	"NJ"	1	"Non-ref"	"SECstPlain"	14	176	151	0.189	0.1911	8379	5823	57.35	48.31
"01487000"	795	187.4	"02"	38.728333	-75.561861	"DE"	4	"Ref"	"SECstPlain"	11	86	86	0.1349	0.1349	14610	12054	100	100
"01491000"	799	292	"02"	38.997194	-75.785806	"MD"	1	"Ref"	"SECstPlain"	15	660	522	0.0967	0.0911	14610	12054	100	100
"01493500"	804	33	"02"	39.280028	-76.014556	"MD"	4	"Ref"	"SECstPlain"	10	87	87	0.1923	0.1923	14244	11688	97.49	96.96
"01531500"	852	20157.2	"02"	41.765353	-76.440774	"PA"	1	"Non-ref"	"NorthEast"	25	146	146	0.0732	0.0732	14610	12054	100	100
"01534000"	855	1016.9	"02"	41.55841	-75.894642	"PA"	1	"Non-ref"	"NorthEast"	17	79	30	0.0994	0.0883	14610	12054	100	100
"01536000"	859	863.1	"02"	41.359246	-75.744359	"PA"	1	"Non-ref"	"EastHghlnds"	26	95	57	0.1931	0.2119	14610	12054	100	100
"01540500"	865	29041.5	"02"	40.958142	-76.619122	"PA"	4	"Non-ref"	"NorthEast"	22	296	296	0.0874	0.0874	14610	12054	100	100
"01553500"	896	17703.4	"02"	40.967585	-76.876354	"PA"	4	"Non-ref"	"NorthEast"	22	177	177	0.07	0.062	14610	12054	100	100
"01558000"	904	572.5	"02"	40.612567	-78.140565	"PA"	3	"Non-ref"	"EastHghlnds"	19	171	79	0.0949	0.0981	14610	12054	100	100
"01567000"	914	8657.3	"02"	40.478417	-77.129148	"PA"	4	"Non-ref"	"EastHghlnds"	20	187	186	0.0825	0.0827	14610	12054	100	100
"01568000"	916	534.4	"02"	40.323419	-77.16887	"PA"	1	"Ref"	"EastHghlnds"	9	104	104	0.07	0.07	14610	12054	100	100
"01573560"	927	1250.6	"02"	40.298424	-76.667747	"PA"	4	"Non-ref"	"EastHghlnds"	26	144	144	0.1002	0.1002	14610	12054	100	100
"01574000"	930	1326.2	"02"	40.082317	-76.719967	"PA"	1	"Non-ref"	"SEPlains"	28	180	180	0.2133	0.2133	14610	12054	100	100
"01576754"	935	1214.2	"02"	39.946489	-76.367739	"PA"	1	"Non-ref"	"SEPlains"	23	255	255	0.3705	0.3705	12875	10319	88.12	85.61
"01591000"	989	89	"02"	39.23825	-77.055722	"MD"	3	"Non-ref"	"SEPlains"	15	221	221	0.0922	0.0922	14610	12054	100	100
"01594000"	995	254.4	"02"	39.134417	-76.816167	"MD"	1	"Non-ref"	"SEPlains"	20	197	197	0.3225	0.3225	12921	10365	88.44	85.99
"01594440"	997	906.6	"02"	38.955917	-76.693694	"MD"	1	"Non-ref"	"SEPlains"	28	906	755	0.1481	0.1527	14610	12054	100	100
"01594526"	999	233.6	"02"	38.814222	-76.748722	"MD"	1	"Non-ref"	"SEPlains"	17	440	440	0.1314	0.1314	11444	8888	78.33	73.73
"01608500"	1025	3784.1	"02"	39.447039	-78.654182	"WV"	4	"Non-ref"	"EastHghlnds"	21	131	93	0.0891	0.0934	14610	12054	100	100
"01614500"	1037	1309.5	"02"	39.716389	-77.824778	"MD"	4	"Non-ref"	"EastHghlnds"	20	294	281	0.1816	0.1811	14610	12054	100	100
"01616500"	1042	706.4	"02"	39.42371	-77.938608	"WV"	4	"Non-ref"	"EastHghlnds"	16	201	119	0.1574	0.1927	14610	12054	100	100
"01621050"	1049	37.2	"02"	38.48679	-78.960307	"VA"	4	"Non-ref"	"EastHghlnds"	12	226	106	0.1326	0.1239	9759	7203	66.8	59.76
"01631000"	1059	4230.5	"02"	38.914001	-78.210834	"VA"	1	"Non-ref"	"EastHghlnds"	19	279	225	0.1285	0.1325	14610	12054	100	100
"01632900"	1062	245	"02"	38.69345	-78.642794	"VA"	1	"Ref"	"EastHghlnds"	10	147	41	0.1101	0.1285	14610	12054	100	100
"01634000"	1064	1995.2	"02"	38.976776	-78.336115	"VA"	4	"Non-ref"	"EastHghlnds"	16	266	214	0.1596	0.165	14610	12054	100	100
"01636500"	1072	7872.9	"02"	39.282046	-77.789161	"WV"	4	"Non-ref"	"EastHghlnds"	21	108	51	0.1206	0.1286	14610	12054	100	100
"01639000"	1079	448.6	"02"	39.678833	-77.2345	"MD"	4	"Non-ref"	"SEPlains"	22	125	125	0.1618	0.1618	14610	12054	100	100
"01649500"	1113	188.1	"02"	38.96025	-76.925972	"MD"	1	"Non-ref"	"SEPlains"	20	194	107	0.2196	0.2144	14610	12054	100	100
"01651800"	1117	8.6	"02"	38.901111	-76.942194	"DC"	1	"Non-ref"	"SEPlains"	18	133	3	0.2147	0.1933	10057	7501	68.84	62.23
"01654000"	1122	60.7	"02"	38.812891	-77.228316	"VA"	4	"Non-ref"	"SEPlains"	22	126	54	0.1203	0.1143	14587	12031	99.84	99.81
"01667500"	1147	1209.7	"02"	38.350408	-77.974997	"VA"	1	"Ref"	"SEPlains"	16	181	99	0.2049	0.1848	14610	12054	100	100
"01668000"	1148	4135	"02"	38.308462	-77.529153	"VA"	3	"Non-ref"	"SEPlains"	18	395	317	0.1811	0.1696	14610	12054	100	100
"01673000"	1162	2796.3	"02"	37.767642	-77.332202	"VA"	1	"Non-ref"	"SEPlains"	28	567	447	0.0758	0.0759	14610	12054	100	100
"01674500"	1168	1554.8	"02"	37.887916	-77.163031	"VA"	1	"Non-ref"	"SEPlains"	17	544	422	0.07	0.0586	14610	12054	100	100
"02035000"	1207	16207.1	"02"	37.67098	-78.085833	"VA"	1	"Non-ref"	"EastHghlnds"	20	565	483	0.1529	0.1525	14610	12054	100	100
"02041650"	1216	3482.5	"02"	37.225151	-77.475263	"VA"	1	"Non-ref"	"SEPlains"	20	444	345	0.07	0.0623	14610	12054	100	100
"02042500"	1217	646.9	"02"	37.436258	-77.060803	"VA"	3	"Non-ref"	"SEPlains"	17	278	149	0.0756	0.0727	14610	12054	100	100
"02075500"	1268	6697.8	"03"	36.642361	-79.089459	"VA"	4	"Non-ref"	"SEPlains"	23	78	78	0.1364	0.1364	14610	12054	100	100
"02083500"	1286	5753.9	"03"	35.894444	-77.533056	"NC"	4	"Non-ref"	"SEPlains"	19	112	112	0.1193	0.1193	14607	12051	99.98	99.98
"02084160"	1289	109	"03"	35.561667	-77.230833	"NC"	4	"Ref"	"SECstPlain"	11	165	165	0.3959	0.3959	12210	9695	83.57	80.43
"0208524090"	1295	20.7	"03"	36.149722	-78.896667	"NC"	1	"Non-ref"	"SEPlains"	15	115	105	0.0722	0.0741	9049	6524	61.94	54.12
"02085500"	1297	384.7	"03"	36.182778	-78.878889	"NC"	1	"Non-ref"	"SEPlains"	17	127	118	0.0711	0.0725	14603	12049	99.95	99.96
"02086849"	1303	56.7	"03"	36.059311	-78.832507	"NC"	4	"Non-ref"	"SEPlains"	21	78	68	2.4458	2.7799	8891	6335	60.86	52.56
"02089500"	1323	7021.5	"03"	35.257778	-77.585556	"NC"	4	"Non-ref"	"SEPlains"	25	447	320	0.1243	0.1261	14610	12054	100	100
"02091500"	1326	1908.6	"03"	35.428889	-77.5825	"NC"	4	"Non-ref"	"SEPlains"	16	423	259	0.1367	0.1496	14608	12052	99.99	99.98
"02096846"	1347	19.6	"03"	35.987222	-79.206111	"NC"	1	"Ref"	"SEPlains"	10	167	133	0.0716	0.076	10754	8226	73.61	68.24
"02096960"	1348	3297.8	"03"	35.765278	-79.135833	"NC"	1	"Non-ref"	"SEPlains"	23	125	122	0.2339	0.2301	14610	12054	100	100
"02097464"	1354	21.5	"03"	35.923611	-79.115	"NC"	4	"Non-ref"	"SEPlains"	13	199	163	0.1236	0.1354	11028	8487	75.48	70.41
"02102000"	1366	3740	"03"	35.626944	-79.116111	"NC"	1	"Non-ref"	"SEPlains"	21	86	86	0.2264	0.2264	14610	12054	100	100
"02105769"	1374	13659.7	"03"	34.404444	-78.293611	"NC"	1	"Non-ref"	"SEPlains"	24	77	77	0.1862	0.1862	14608	12054	99.99	100
"02116500"	1400	5902.2	"03"	35.856667	-80.386944	"NC"	1	"Non-ref"	"SEPlains"	24	73	73	0.2099	0.2099	14604	12048	99.96	99.95
"02131000"	1430	22841.3	"03"	34.204325	-79.54839	"SC"	1	"Non-ref"	"SEPlains"	29	86	86	0.0837	0.0837	14607	12052	99.98	99.98
"02136000"	1446	3211.4	"03"	33.661275	-79.835904	"SC"	1	"Non-ref"	"SEPlains"	17	77	77	0.1171	0.1171	14610	12054	100	100
"02198500"	1630	25530.8	"03"	32.528237	-81.268716	"SC"	1	"Non-ref"	"SEPlains"	25	310	310	0.1063	0.1063	14599	12044	99.92	99.92
"02203000"	1637	1450.1	"03"	32.184914	-81.888726	"GA"	4	"Non-ref"	"SEPlains"	15	123	123	0.0872	0.0872	14610	12054	100	100
"02204070"	1642	477.4	"03"	33.629832	-84.128528	"GA"	1	"Non-ref"	"SEPlains"	26	129	129	0.2832	0.2832	13241	10685	90.63	88.64
"02210500"	1661	3710.1	"03"	33.3079	-83.838236	"GA"	1	"Non-ref"	"SEPlains"	23	151	151	0.0799	0.0799	12998	10442	88.97	86.63
"02215500"	1670	13566.9	"03"	31.920183	-82.674027	"GA"	1	"Non-ref"	"SEPlains"	21	438	355	0.0798	0.0819	14610	12054	100	100
"02225000"	1694	29932.7	"03"	31.939083	-82.35346	"GA"	1	"Non-ref"	"SEPlains"	19	169	169	0.0831	0.0831	14610	12054	100	100
"02228000"	1701	7385.1	"03"	31.220641	-81.865665	"GA"	1	"Non-ref"	"SECstPlain"	15	77	77	0.113	0.113	14610	12054	100	100
"02232500"	1715	4094.6	"03"	28.543055	-80.943392	"FL"	1	"Non-ref"	"SECstPlain"	27	80	80	0.0701	0.0701	14519	11963	99.38	99.25
"02236000"	1734	8186.6	"03"	29.008318	-81.382565	"FL"	4	"Non-ref"	"SECstPlain"	29	144	144	0.0909	0.0909	13967	11525	95.6	95.61
"02248000"	1767	93.5	"03"	29.050541	-81.046723	"FL"	3	"Non-ref"	"SECstPlain"	17	78	78	0.111	0.111	14609	12053	99.99	99.99
"02256500"	1769	824.3	"03"	26.932559	-81.314795	"FL"	1	"Non-ref"	"SECstPlain"	17	162	162	0.1819	0.1819	13447	11016	92.04	91.39
"02266300"	1777	257.8	"03"	28.332787	-81.579796	"FL"	1	"Non-ref"	"SECstPlain"	18	125	125	0.2841	0.2841	14599	12043	99.92	99.91
"02266500"	1780	488.4	"03"	28.263623	-81.536462	"FL"	1	"Non-ref"	"SECstPlain"	29	110	110	0.1902	0.1902	12584	11032	86.13	91.52
"02269520"	1786	307	"03"	27.70864	-81.44646	"FL"	1	"Non-ref"	"SECstPlain"	19	81	81	0.0799	0.0799	10533	7977	72.09	66.18
"02270500"	1788	982.2	"03"	27.442538	-81.297293	"FL"	1	"Non-ref"	"SECstPlain"	19	212	212	0.1167	0.1167	14454	11988	98.93	99.45
"02273000"	1790	5876	"03"	27.22588	-80.962564	"FL"	4	"Non-ref"	"SECstPlain"	27	101	101	0.0952	0.0952	7959	7959	54.48	66.03
"02294650"	1811	1031	"03"	27.902248	-81.817304	"FL"	1	"Non-ref"	"SECstPlain"	39	106	106	1.6358	1.6358	14535	11979	99.49	99.38
"02294898"	1815	1246.4	"03"	27.751419	-81.782027	"FL"	1	"Non-ref"	"SECstPlain"	40	103	103	1.299	1.299	14610	12054	100	100
"02295420"	1818	315.6	"03"	27.62059	-81.825638	"FL"	1	"Non-ref"	"SECstPlain"	34	110	110	0.7958	0.7958	14610	12054	100	100
"02295637"	1819	2280.1	"03"	27.504483	-81.800916	"FL"	3	"Non-ref"	"SECstPlain"	37	97	97	1.2782	1.2782	14610	12054	100	100
"02296500"	1822	886.4	"03"	27.375043	-81.796471	"FL"	1	"Ref"	"SECstPlain"	16	71	71	0.5656	0.5656	14610	12054	100	100
"02296750"	1823	3436	"03"	27.222271	-81.875917	"FL"	4	"Non-ref"	"SECstPlain"	34	158	158	0.9978	0.9978	14610	12054	100	100
"02297310"	1827	528.4	"03"	27.199495	-81.988419	"FL"	1	"Ref"	"SECstPlain"	24	107	107	0.4669	0.4669	14207	11651	97.24	96.66
"02298123"	1829	540.7	"03"	27.052	-81.784527	"FL"	1	"Ref"	"SECstPlain"	18	92	92	0.0965	0.0965	14610	12054	100	100
"02298830"	1837	588.6	"03"	27.240605	-82.313704	"FL"	3	"Non-ref"	"SECstPlain"	21	91	91	0.4077	0.4077	14361	11807	98.3	97.95
"02299950"	1842	174.3	"03"	27.473651	-82.211201	"FL"	1	"Ref"	"SECstPlain"	29	132	90	0.4642	0.4734	14610	12054	100	100
"02300100"	1849	95.8	"03"	27.704754	-82.197867	"FL"	1	"Non-ref"	"SECstPlain"	28	157	157	0.5587	0.5587	14407	11893	98.61	98.66
"02300700"	1853	73.8	"03"	27.791972	-82.352037	"FL"	4	"Ref"	"SECstPlain"	14	156	156	0.2858	0.2858	14601	12045	99.94	99.93
"02301000"	1855	346.8	"03"	27.883915	-82.100087	"FL"	1	"Non-ref"	"SECstPlain"	33	176	176	3.762	3.762	13607	11051	93.13	91.68
"02301300"	1857	281.4	"03"	27.796695	-82.117588	"FL"	1	"Non-ref"	"SECstPlain"	34	169	169	0.9111	0.9111	14566	12010	99.7	99.63
"02301500"	1858	868.3	"03"	27.872248	-82.211201	"FL"	3	"Non-ref"	"SECstPlain"	36	114	114	2.818	2.818	14610	12054	100	100
"02301990"	1864	238.9	"03"	28.185567	-82.183974	"FL"	1	"Ref"	"SECstPlain"	17	109	109	0.1271	0.1271	13241	10685	90.63	88.64
"02302500"	1866	242.9	"03"	28.14057	-82.149807	"FL"	1	"Non-ref"	"SECstPlain"	33	173	173	0.7495	0.7495	14352	11796	98.23	97.86
"02303000"	1867	618.7	"03"	28.150013	-82.232309	"FL"	1	"Non-ref"	"SECstPlain"	31	199	199	0.2936	0.2936	14608	12052	99.99	99.98
"02303330"	1870	985	"03"	28.097516	-82.312312	"FL"	1	"Non-ref"	"SECstPlain"	30	138	138	0.3118	0.3118	14308	11752	97.93	97.49
"02303350"	1871	42	"03"	28.134722	-82.361944	"FL"	3	"Non-ref"	"SECstPlain"	14	102	102	0.1522	0.1522	10913	8726	74.7	72.39
"02303800"	1874	407.8	"03"	28.089183	-82.408982	"FL"	1	"Non-ref"	"SECstPlain"	20	126	126	0.0775	0.0775	12632	10230	86.46	84.87
"02307000"	1881	112.2	"03"	28.036962	-82.57593	"FL"	4	"Non-ref"	"SECstPlain"	27	86	86	0.3248	0.3248	14505	11953	99.28	99.16
"02308935"	1887	6.7	"03"	27.814192	-82.695655	"FL"	1	"Non-ref"	"SECstPlain"	19	82	82	0.1009	0.1009	9128	7155	62.48	59.36
"02310000"	1891	177.6	"03"	28.214178	-82.666488	"FL"	4	"Non-ref"	"SECstPlain"	18	99	99	0.0718	0.0718	14609	12054	99.99	100
"02310947"	1897	649.6	"03"	28.311952	-82.055915	"FL"	1	"Ref"	"SECstPlain"	14	213	213	0.0844	0.0844	12522	10050	85.71	83.37
"02312500"	1902	1970.2	"03"	28.592771	-82.222032	"FL"	1	"Non-ref"	"SECstPlain"	18	109	109	0.0839	0.0839	14297	11741	97.86	97.4
"02312600"	1905	2508.5	"03"	28.7436	-82.220089	"FL"	1	"Non-ref"	"SECstPlain"	20	89	89	0.0719	0.0719	12087	9531	82.73	79.07
"02318500"	1924	3863.7	"03"	30.793056	-83.453611	"GA"	4	"Non-ref"	"SEPlains"	18	315	315	0.2768	0.2768	11025	8469	75.46	70.26
"02320500"	1932	20347	"03"	29.955785	-82.927628	"FL"	4	"Non-ref"	"SEPlains"	18	90	90	0.1791	0.1791	14610	12054	100	100
"02329000"	1958	2966.8	"03"	30.554086	-84.384072	"FL"	4	"Non-ref"	"SEPlains"	15	98	98	0.1993	0.1993	14610	12054	100	100
"02334885"	1975	122.1	"03"	34.032323	-84.089356	"GA"	4	"Non-ref"	"SEPlains"	21	125	89	0.1443	0.1561	12875	10319	88.12	85.61
"02336300"	1991	221.7	"03"	33.819444	-84.407778	"GA"	4	"Non-ref"	"SEPlains"	20	311	311	0.1469	0.1469	14610	12054	100	100
"02336410"	1993	96.5	"03"	33.838438	-84.439373	"GA"	1	"Non-ref"	"SEPlains"	27	84	81	0.245	0.252	7545	4989	51.64	41.39
"02337000"	1999	617.6	"03"	33.772885	-84.614656	"GA"	3	"Non-ref"	"SEPlains"	19	104	104	0.0723	0.0723	14610	12054	100	100
"02337170"	2001	5325.3	"03"	33.656667	-84.673611	"GA"	1	"Non-ref"	"SEPlains"	32	220	220	0.3886	0.3886	14610	12054	100	100
"02338000"	2005	6250.6	"03"	33.477058	-84.900772	"GA"	4	"Non-ref"	"SEPlains"	30	461	369	0.1316	0.1417	14610	12054	100	100
"02339500"	2010	9167	"03"	32.886239	-85.182164	"GA"	4	"Non-ref"	"SEPlains"	27	129	129	0.0702	0.0702	14609	12054	99.99	100
"02349500"	2039	7574.7	"03"	32.298213	-84.043797	"GA"	4	"Non-ref"	"SEPlains"	19	158	158	0.0752	0.0752	8816	8816	60.34	73.14
"02349605"	2040	7574.7	"03"	32.293056	-84.043611	"GA"	1	"Non-ref"	"SEPlains"	19	144	85	0.0745	0.0744	14610	12054	100	100
"02380500"	2115	611.6	"03"	34.674975	-84.508554	"GA"	1	"Non-ref"	"EastHghlnds"	27	163	125	0.1639	0.191	14610	12054	100	100
"02387000"	2127	1781.8	"03"	34.666749	-84.928276	"GA"	1	"Non-ref"	"EastHghlnds"	22	406	325	0.2252	0.2612	14610	12054	100	100
"02387500"	2128	4153.3	"03"	34.577111	-84.941853	"GA"	1	"Non-ref"	"EastHghlnds"	23	177	177	0.1789	0.1789	14610	12054	100	100
"02392000"	2145	1589.4	"03"	34.239929	-84.494673	"GA"	3	"Non-ref"	"SEPlains"	19	136	104	0.0778	0.0782	14610	12054	100	100
"02397000"	2157	10460.5	"03"	34.200373	-85.25662	"GA"	4	"Non-ref"	"EastHghlnds"	27	200	200	0.1499	0.1499	14610	12054	100	100
"02398000"	2159	496.9	"03"	34.466389	-85.336111	"GA"	1	"Non-ref"	"EastHghlnds"	21	169	169	0.1584	0.1584	14610	12054	100	100
"0242354750"	2207	66.1	"03"	33.313445	-86.806378	"AL"	4	"Non-ref"	"EastHghlnds"	30	172	172	0.1873	0.1873	7762	5206	53.13	43.19
"03073000"	2429	467.2	"05"	39.923131	-80.072558	"PA"	1	"Non-ref"	"EastHghlnds"	21	85	23	0.1065	0.1043	9128	6574	62.48	54.54
"03105500"	2476	5752.9	"05"	40.888674	-80.337008	"PA"	1	"Non-ref"	"NorthEast"	26	109	34	0.1412	0.1479	14610	12054	100	100
"03107500"	2480	8034.3	"05"	40.763398	-80.315063	"PA"	1	"Non-ref"	"NorthEast"	27	192	123	0.1368	0.1502	14610	12054	100	100
"03150000"	2540	19210.1	"05"	39.645071	-81.849858	"OH"	1	"Non-ref"	"EastHghlnds"	26	82	82	0.1182	0.1182	11327	8771	77.53	72.76
"03230450"	2665	97	"05"	39.84783	-83.15733	"OH"	1	"Non-ref"	"CntlPlains"	23	304	218	0.2215	0.2306	9424	6911	64.5	57.33
"03245500"	2690	3114.5	"05"	39.171449	-84.297993	"OH"	4	"Non-ref"	"CntlPlains"	28	121	121	0.3887	0.3887	14610	12054	100	100
"03290500"	2800	16007.6	"05"	38.438957	-84.963284	"KY"	1	"Non-ref"	"SEPlains"	20	137	122	0.1511	0.1469	12397	9862	84.85	81.82
"03298500"	2831	3098.9	"05"	37.985066	-85.717459	"KY"	1	"Non-ref"	"SEPlains"	23	78	78	0.2801	0.2801	14600	12054	99.93	100
"03336645"	2922	1120.2	"05"	40.137258	-87.745858	"IL"	1	"Non-ref"	"CntlPlains"	24	78	69	0.089	0.0852	14610	12054	100	100
"03336900"	2923	339.2	"05"	40.148645	-88.033371	"IL"	1	"Non-ref"	"CntlPlains"	21	140	140	0.3381	0.3381	9953	7397	68.12	61.37
"03338780"	2926	691.6	"05"	40.265314	-87.642799	"IL"	1	"Ref"	"CntlPlains"	16	93	93	0.1058	0.1058	9539	8858	65.29	73.49
"03339000"	2927	3341.4	"05"	40.10087	-87.597242	"IL"	1	"Non-ref"	"CntlPlains"	27	203	129	0.3548	0.3952	14610	12054	100	100
"03345500"	2945	3944.6	"05"	38.936433	-88.022535	"IL"	3	"Non-ref"	"CntlPlains"	20	104	104	0.1787	0.1787	14610	12054	100	100
"03346000"	2946	814.7	"05"	39.010042	-87.945588	"IL"	3	"Ref"	"SEPlains"	14	97	97	0.1479	0.1479	14595	12039	99.9	99.88
"03354000"	2986	6324.6	"05"	39.497548	-86.40055	"IN"	4	"Non-ref"	"CntlPlains"	30	77	77	0.5047	0.5047	14610	12054	100	100
"03378000"	3036	590.5	"05"	38.386437	-87.975588	"IL"	1	"Non-ref"	"SEPlains"	11	103	103	0.2055	0.2055	13963	11423	95.57	94.77
"03378635"	3038	622	"05"	39.103931	-88.594218	"IL"	1	"Non-ref"	"SEPlains"	20	99	99	0.1628	0.1628	13941	11391	95.42	94.5
"03379500"	3039	2928.7	"05"	38.63477	-88.297266	"IL"	1	"Non-ref"	"SEPlains"	22	107	107	0.2588	0.2588	14610	12054	100	100
"03380500"	3041	1204.3	"05"	38.356993	-88.583386	"IL"	1	"Non-ref"	"SEPlains"	16	105	105	0.1319	0.1319	14381	11825	98.43	98.1
"03466208"	3141	203.1	"06"	36.20594	-82.65043	"TN"	1	"Non-ref"	"EastHghlnds"	12	144	144	0.1081	0.1081	8188	5904	56.04	48.98
"03467609"	3145	4373.1	"06"	36.126337	-83.175304	"TN"	4	"Non-ref"	"EastHghlnds"	14	85	85	0.0764	0.0764	8534	5978	58.41	49.59
"03575100"	3250	968.6	"06"	34.749257	-86.446655	"AL"	4	"Non-ref"	"SEPlains"	17	99	99	0.0772	0.0772	7762	5206	53.13	43.19
"03612000"	3299	632	"05"	37.336441	-88.923955	"IL"	1	"Non-ref"	"SEPlains"	13	105	105	0.1525	0.1525	14601	12045	99.94	99.93
"04027000"	3312	1619.8	"04"	46.486614	-90.696297	"WI"	3	"Ref"	"MxWdShld"	7	116	59	0.1272	0.141	14610	12054	100	100
"04072150"	3381	280.7	"04"	44.535833	-88.129722	"WI"	1	"Non-ref"	"CntlPlains"	13	465	465	0.2122	0.2122	10775	8651	73.75	71.77
"04073462"	3383	6.2	"04"	43.816093	-88.928446	"WI"	1	"Ref"	"CntlPlains"	10	794	725	0.1751	0.1758	10896	8340	74.58	69.19
"04073468"	3384	149.5	"04"	43.824426	-88.926779	"WI"	1	"Non-ref"	"CntlPlains"	17	1530	1405	0.1463	0.1503	10298	9296	70.49	77.12
"04073500"	3386	3416.4	"04"	43.95387	-88.952614	"WI"	1	"Non-ref"	"CntlPlains"	19	84	84	0.0989	0.0989	14607	12054	99.98	100
"040851385"	3403	16449.8	"04"	44.528604	-88.010104	"WI"	1	"Non-ref"	"CntlPlains"	23	245	147	0.1251	0.1335	11381	8827	77.9	73.23
"04085427"	3406	1344.2	"04"	44.107217	-87.715364	"WI"	1	"Non-ref"	"CntlPlains"	18	287	199	0.2476	0.2619	14183	11627	97.08	96.46
"04086000"	3407	1100.4	"04"	43.741662	-87.753975	"WI"	1	"Non-ref"	"CntlPlains"	24	85	74	0.2779	0.2695	14607	12054	99.98	100
"04087000"	3410	1805.2	"04"	43.100012	-87.908974	"WI"	4	"Non-ref"	"CntlPlains"	19	311	311	0.1359	0.1359	14610	12054	100	100
"04087030"	3411	87.9	"04"	43.172786	-88.10398	"WI"	4	"Non-ref"	"CntlPlains"	15	125	113	0.1323	0.1317	14610	12054	100	100
"04087088"	3414	46.7	"04"	43.054734	-88.0462	"WI"	1	"Non-ref"	"CntlPlains"	20	128	117	0.1919	0.1763	14428	11872	98.75	98.49
"04087120"	3416	320.6	"04"	43.045569	-87.999809	"WI"	1	"Non-ref"	"CntlPlains"	21	304	294	0.1811	0.179	14610	12054	100	100
"04087159"	3419	47.9	"04"	42.997515	-87.926474	"WI"	1	"Non-ref"	"CntlPlains"	24	73	73	0.2348	0.2348	13606	11050	93.13	91.67
"04116000"	3485	7448.1	"04"	42.971977	-85.069172	"MI"	1	"Non-ref"	"CntlPlains"	20	76	72	0.1095	0.1104	14610	12054	100	100
"04142000"	3544	865	"04"	44.07252	-84.019994	"MI"	1	"Non-ref"	"MxWdShld"	16	105	59	0.0784	0.0831	14610	12054	100	100
"04145000"	3548	1584.1	"04"	43.254748	-84.105532	"MI"	3	"Non-ref"	"CntlPlains"	19	78	75	0.0785	0.0781	7576	7576	51.85	62.85
"04161820"	3582	802.8	"04"	42.614478	-83.026593	"MI"	4	"Non-ref"	"CntlPlains"	25	247	95	0.078	0.0744	8676	6120	59.38	50.77
"04166500"	3593	476	"04"	42.372259	-83.255485	"MI"	1	"Non-ref"	"CntlPlains"	23	159	41	0.1338	0.1488	14610	12054	100	100
"04176500"	3608	2686	"04"	41.960601	-83.531046	"MI"	1	"Non-ref"	"CntlPlains"	27	206	101	0.1343	0.137	14610	12054	100	100
"04178000"	3612	1600.2	"04"	41.385328	-84.801626	"OH"	4	"Non-ref"	"CntlPlains"	22	253	83	0.1923	0.1481	14610	12054	100	100
"04182000"	3620	1849.1	"04"	40.987826	-85.111914	"IN"	1	"Non-ref"	"CntlPlains"	22	208	0	0.4718	NA	14610	12054	100	100
"04183000"	3622	5039.9	"04"	41.085049	-85.02219	"IN"	4	"Non-ref"	"CntlPlains"	26	181	0	0.3431	NA	14610	12054	100	100
"04184500"	3624	534.7	"04"	41.677551	-84.23217	"OH"	1	"Non-ref"	"CntlPlains"	11	88	0	0.3069	NA	7638	5082	52.28	42.16
"04186500"	3627	858.4	"04"	40.948662	-84.266059	"OH"	4	"Non-ref"	"CntlPlains"	22	597	175	0.2995	0.204	14610	12054	100	100
"04191500"	3634	6038.8	"04"	41.237549	-84.399114	"OH"	1	"Non-ref"	"CntlPlains"	25	375	0	0.272	NA	14610	12054	100	100
"04192500"	3635	14248.3	"04"	41.291993	-84.281057	"OH"	1	"Non-ref"	"CntlPlains"	25	464	0	0.3176	NA	14610	12054	100	100
"04193500"	3636	16409.4	"04"	41.500053	-83.712714	"OH"	4	"Non-ref"	"CntlPlains"	22	2823	2724	0.2003	0.2012	14610	12054	100	100
"04197100"	3643	388.2	"04"	41.022278	-83.109638	"OH"	1	"Ref"	"CntlPlains"	16	573	573	0.1226	0.1226	14609	12054	99.99	100
"04198000"	3645	3243.8	"04"	41.307831	-83.158809	"OH"	1	"Non-ref"	"CntlPlains"	22	2179	2179	0.1363	0.1363	14610	12054	100	100
"04199000"	3646	947.4	"04"	41.301719	-82.606844	"OH"	1	"Non-ref"	"CntlPlains"	24	1137	1085	0.1739	0.1706	12418	9862	85	81.82
"04199500"	3648	672.4	"04"	41.38199	-82.316827	"OH"	3	"Non-ref"	"CntlPlains"	17	140	54	0.1815	0.23	7638	5082	52.28	42.16
"04200500"	3649	1026.9	"04"	41.380324	-82.104593	"OH"	1	"Non-ref"	"NorthEast"	21	139	48	0.1729	0.2123	14610	12054	100	100
"04208000"	3659	1837.5	"04"	41.395331	-81.629848	"OH"	1	"Non-ref"	"NorthEast"	28	2254	2172	0.1632	0.1636	14610	12054	100	100
"04212100"	3665	1784.9	"04"	41.718934	-81.227879	"OH"	1	"Non-ref"	"NorthEast"	21	968	914	0.0986	0.0959	14610	12054	100	100
"04213500"	3670	1128.8	"04"	42.46395	-78.935035	"NY"	4	"Non-ref"	"NorthEast"	18	151	57	0.4554	0.2421	14062	11506	96.25	95.45
"0422026250"	3682	25.1	"04"	43.25367	-77.74223	"NY"	1	"Non-ref"	"NorthEast"	21	982	901	0.2744	0.2821	11049	8493	75.63	70.46
"04230500"	3694	524.7	"04"	43.010062	-77.791395	"NY"	3	"Non-ref"	"NorthEast"	14	454	409	0.0709	0.068	14610	12054	100	100
"04231600"	3696	6383.7	"04"	43.141722	-77.616306	"NY"	1	"Non-ref"	"NorthEast"	20	155	49	0.1143	0.1194	14610	12054	100	100
"04232034"	3698	100.1	"04"	43.027841	-77.47805	"NY"	1	"Non-ref"	"NorthEast"	12	522	522	0.1047	0.1047	8823	7129	60.39	59.14
"04232050"	3699	77.4	"04"	43.130341	-77.518609	"NY"	1	"Non-ref"	"NorthEast"	23	1332	1308	0.1115	0.1123	14610	12054	100	100
"0423205010"	3700	379.7	"04"	43.145063	-77.511942	"NY"	1	"Non-ref"	"NorthEast"	17	2777	2682	0.1075	0.1059	14275	11719	97.71	97.22
"04250750"	3728	325.4	"04"	43.813398	-76.074646	"NY"	1	"Non-ref"	"NorthEast"	12	73	41	0.0874	0.0944	11971	9415	81.94	78.11
"05051522"	3801	10815	"09"	46.659685	-96.795915	"ND"	1	"Non-ref"	"CntlPlains"	22	95	57	0.1743	0.1754	14610	12054	100	100
"05054000"	3806	17195.9	"09"	46.861075	-96.783692	"ND"	1	"Non-ref"	"CntlPlains"	20	144	90	0.2033	0.2134	14610	12054	100	100
"05056100"	3811	1164.1	"09"	48.448059	-99.102635	"ND"	3	"Ref"	"CntlPlains"	11	82	60	0.3628	0.3547	7467	6400	51.11	53.09
"05057200"	3814	1897.3	"09"	47.229156	-98.124819	"ND"	1	"Ref"	"CntlPlains"	9	73	33	0.2115	0.1803	14431	11875	98.77	98.52
"05059000"	3818	12965.7	"09"	46.631633	-97.000643	"ND"	4	"Non-ref"	"CntlPlains"	15	107	106	0.1894	0.1876	14610	12054	100	100
"05066500"	3834	3217.6	"09"	47.409424	-97.061197	"ND"	4	"Non-ref"	"CntlPlains"	17	93	44	0.1543	0.1564	14287	11731	97.79	97.32
"05082625"	3844	658.3	"09"	47.931934	-97.514531	"ND"	4	"Non-ref"	"CntlPlains"	19	108	74	0.1782	0.1678	9953	7397	68.12	61.37
"05085000"	3848	1425.4	"09"	48.285833	-97.368056	"ND"	1	"Non-ref"	"CntlPlains"	18	112	59	0.2008	0.1785	14255	11699	97.57	97.05
"05090000"	3853	1741.7	"09"	48.424711	-97.412023	"ND"	4	"Non-ref"	"CntlPlains"	15	111	59	0.1762	0.1753	13734	11178	94	92.73
"05116500"	3861	2396.8	"09"	48.370569	-101.570163	"ND"	1	"Non-ref"	"CntlPlains"	12	103	33	0.2484	0.3127	13840	11308	94.73	93.81
"05120500"	3863	1509.8	"09"	48.138337	-100.539862	"ND"	1	"Ref"	"CntlPlains"	8	95	42	0.2005	0.1279	13899	11463	95.13	95.1
"05123400"	3864	3206.1	"09"	48.588888	-100.442079	"ND"	1	"Ref"	"CntlPlains"	11	103	40	0.1683	0.1958	8356	6267	57.19	51.99
"05287890"	3901	222.1	"07"	45.163298	-93.436621	"MN"	4	"Non-ref"	"CntlPlains"	19	617	477	0.1977	0.1982	14610	12054	100	100
"05288705"	3903	73	"07"	45.049965	-93.310227	"MN"	4	"Non-ref"	"CntlPlains"	19	357	196	0.087	0.0913	8002	5446	54.77	45.18
"05325000"	3926	38694.4	"07"	44.169411	-94.0044	"MN"	1	"Non-ref"	"CntlPlains"	20	91	91	0.2032	0.2032	14610	12054	100	100
"05330000"	3928	42040.8	"07"	44.693018	-93.641902	"MN"	4	"Non-ref"	"CntlPlains"	20	145	145	0.198	0.198	14610	12054	100	100
"05368000"	3953	1102.8	"07"	45.04774	-91.91101	"WI"	3	"Non-ref"	"CntlPlains"	15	89	89	0.1438	0.1438	14610	12054	100	100
"05369500"	3955	23441.9	"07"	44.628299	-91.969059	"WI"	1	"Non-ref"	"MxWdShld"	16	91	91	0.088	0.088	14610	12054	100	100
"05382000"	3966	5376.5	"07"	44.060239	-91.28737	"WI"	1	"Non-ref"	"CntlPlains"	12	87	87	0.1409	0.1409	14610	12054	100	100
"05406500"	3999	115.9	"07"	43.13416	-89.732345	"WI"	1	"Non-ref"	"CntlPlains"	13	82	77	0.2404	0.2512	14610	12054	100	100
"05407000"	4000	27400.9	"07"	43.198042	-90.443459	"WI"	1	"Non-ref"	"CntlPlains"	22	88	88	0.0848	0.0848	14610	12054	100	100
"05412500"	4008	3858.2	"07"	42.739988	-91.261799	"IA"	3	"Ref"	"CntlPlains"	12	95	81	0.1242	0.1285	14610	12054	100	100
"05422000"	4024	6049	"07"	41.766974	-90.534859	"IA"	4	"Non-ref"	"CntlPlains"	19	149	131	0.2226	0.2221	14610	12054	100	100
"05424057"	4030	1142.9	"07"	43.45027	-88.63233	"WI"	3	"Non-ref"	"CntlPlains"	23	335	335	0.3604	0.3604	7682	5126	52.58	42.53
"05427718"	4038	191.5	"07"	43.208881	-89.352617	"WI"	1	"Non-ref"	"CntlPlains"	14	1728	1352	0.2757	0.2663	11635	9079	79.64	75.32
"05427948"	4040	46.9	"07"	43.103328	-89.511788	"WI"	1	"Non-ref"	"CntlPlains"	16	1739	1298	0.3981	0.4042	14610	12054	100	100
"05430175"	4043	1259.4	"07"	42.826394	-89.172059	"WI"	1	"Non-ref"	"CntlPlains"	25	189	56	0.1566	0.1755	14610	12054	100	100
"054310157"	4045	11.1	"07"	42.650849	-88.550934	"WI"	1	"Non-ref"	"CntlPlains"	16	1703	1703	0.2582	0.2582	9496	9496	65	78.78
"05431016"	4046	43.2	"07"	42.640849	-88.560934	"WI"	1	"Non-ref"	"CntlPlains"	15	1483	1187	0.1898	0.1878	8641	6085	59.14	50.48
"05431017"	4047	54.8	"07"	42.621127	-88.582601	"WI"	1	"Non-ref"	"CntlPlains"	14	2071	1884	0.2399	0.2441	10952	9584	74.96	79.51
"05431022"	4048	106.8	"07"	42.614737	-88.624824	"WI"	1	"Non-ref"	"CntlPlains"	19	1256	1255	0.0848	0.0848	9111	9111	62.36	75.58
"05435500"	4057	3435.4	"07"	42.302797	-89.619561	"IL"	1	"Non-ref"	"CntlPlains"	15	106	106	0.2702	0.2702	14609	12054	99.99	100
"05437500"	4062	15744.8	"07"	42.448627	-89.069832	"IL"	1	"Non-ref"	"CntlPlains"	22	144	144	0.2706	0.2706	14610	12054	100	100
"05439500"	4067	1002.8	"07"	42.110581	-88.900653	"IL"	1	"Non-ref"	"CntlPlains"	22	105	105	0.2899	0.2899	14605	12054	99.97	100
"05440000"	4068	2847	"07"	42.194467	-88.998713	"IL"	1	"Non-ref"	"CntlPlains"	22	102	102	0.1707	0.1707	14607	12054	99.98	100
"05443500"	4071	21937.9	"07"	41.782808	-89.749832	"IL"	1	"Non-ref"	"CntlPlains"	24	140	140	0.2916	0.2916	14023	11467	95.98	95.13
"05444000"	4072	376.4	"07"	41.902807	-89.696223	"IL"	1	"Ref"	"CntlPlains"	13	103	103	0.177	0.177	14610	12054	100	100
"05446500"	4073	23951.1	"07"	41.559756	-90.182066	"IL"	1	"Non-ref"	"CntlPlains"	20	229	142	0.2466	0.2735	14610	12054	100	100
"05447500"	4074	2575.7	"07"	41.488923	-90.157619	"IL"	3	"Non-ref"	"CntlPlains"	18	211	129	0.1355	0.134	14610	12054	100	100
"05449500"	4077	1083.9	"07"	42.759944	-93.621849	"IA"	4	"Non-ref"	"CntlPlains"	19	110	110	0.1857	0.1857	14610	12054	100	100
"05451210"	4079	580.5	"07"	42.314984	-93.152425	"IA"	4	"Ref"	"CntlPlains"	12	319	179	0.1194	0.118	8833	6278	60.46	52.08
"05464220"	4110	775.2	"07"	42.251658	-92.298798	"IA"	4	"Ref"	"CntlPlains"	12	74	55	0.1666	0.1622	7876	5320	53.91	44.13
"05465500"	4114	32364.8	"07"	41.178086	-91.182094	"IA"	4	"Non-ref"	"CntlPlains"	21	414	319	0.3191	0.3088	14610	12054	100	100
"05466500"	4116	1151.6	"07"	41.186977	-90.967366	"IL"	1	"Ref"	"CntlPlains"	16	95	95	0.1729	0.1729	14610	12054	100	100
"05469000"	4119	1126.6	"07"	41.001426	-90.854307	"IL"	1	"Non-ref"	"CntlPlains"	18	99	99	0.5969	0.5969	14246	11690	97.51	96.98
"05474000"	4131	11165.4	"07"	40.75365	-91.277094	"IA"	4	"Non-ref"	"CntlPlains"	18	232	215	0.3089	0.3092	14610	12054	100	100
"05490500"	4168	36286.3	"07"	40.727806	-91.959617	"IA"	1	"Non-ref"	"CntlPlains"	21	207	115	0.2961	0.281	14610	12054	100	100
"05495000"	4170	1027.6	"07"	40.392408	-91.597875	"MO"	1	"Ref"	"CntlPlains"	14	94	64	0.1317	0.1244	14610	12054	100	100
"05495500"	4171	905.6	"07"	40.142824	-91.33737	"IL"	3	"Ref"	"CntlPlains"	14	98	98	0.1793	0.1793	14556	12002	99.63	99.57
"05500000"	4178	1567	"07"	39.896628	-91.580156	"MO"	1	"Ref"	"CntlPlains"	11	346	278	0.1328	0.1337	14609	12053	99.99	99.99
"05514500"	4200	2407.4	"07"	39.008803	-90.977536	"MO"	1	"Ref"	"CntlPlains"	11	207	177	0.1141	0.1165	14609	12054	99.99	100
"05520500"	4212	5949.1	"07"	41.160033	-87.668648	"IL"	4	"Non-ref"	"CntlPlains"	28	173	173	0.0821	0.0821	14610	12054	100	100
"05525000"	4219	1746.3	"07"	40.822813	-87.581419	"IL"	3	"Non-ref"	"CntlPlains"	21	107	107	0.1335	0.1335	14610	12054	100	100
"05525500"	4220	1158.8	"07"	40.630036	-87.723918	"IL"	4	"Ref"	"CntlPlains"	16	160	160	0.1111	0.1111	14610	12054	100	100
"05526000"	4221	5405.6	"07"	41.008922	-87.823372	"IL"	4	"Non-ref"	"CntlPlains"	22	166	166	0.1302	0.1302	14610	12054	100	100
"05527500"	4223	13289.2	"07"	41.346698	-88.186449	"IL"	1	"Non-ref"	"CntlPlains"	29	150	147	0.117	0.1163	14607	12054	99.98	100
"05527800"	4224	317.7	"07"	42.489187	-87.926466	"IL"	4	"Non-ref"	"CntlPlains"	22	157	157	0.1771	0.1771	14435	11893	98.8	98.66
"05528000"	4229	603.8	"07"	42.344189	-87.938409	"IL"	1	"Non-ref"	"CntlPlains"	26	125	125	0.6558	0.6558	14610	12054	100	100
"05529000"	4231	943.1	"07"	42.081972	-87.890345	"IL"	1	"Non-ref"	"CntlPlains"	27	113	113	0.6072	0.6072	14610	12054	100	100
"05531500"	4237	290.6	"07"	41.825864	-87.900616	"IL"	4	"Non-ref"	"CntlPlains"	32	302	290	1.4886	1.5109	14609	12054	99.99	100
"05532000"	4238	47.1	"07"	41.881698	-87.869228	"IL"	4	"Non-ref"	"CntlPlains"	26	128	128	0.8115	0.8115	14610	12054	100	100
"05532500"	4239	1634.2	"07"	41.822254	-87.820891	"IL"	4	"Non-ref"	"CntlPlains"	28	193	193	0.828	0.828	14610	12054	100	100
"05534500"	4242	51.7	"07"	42.152804	-87.818677	"IL"	1	"Non-ref"	"CntlPlains"	17	128	128	0.1591	0.1591	14586	12051	99.84	99.98
"05536000"	4246	254.7	"07"	42.012253	-87.795618	"IL"	1	"Non-ref"	"CntlPlains"	22	140	140	0.8164	0.8164	14610	12054	100	100
"05536275"	4254	268.3	"07"	41.568368	-87.607822	"IL"	1	"Non-ref"	"CntlPlains"	30	118	118	2.4667	2.4667	14610	12054	100	100
"05539000"	4261	278.9	"07"	41.515031	-88.073391	"IL"	1	"Non-ref"	"CntlPlains"	24	118	118	0.3981	0.3981	14610	12054	100	100
"05539900"	4262	71.9	"07"	41.910862	-88.178961	"IL"	1	"Non-ref"	"CntlPlains"	25	128	128	1.5284	1.5284	14610	12054	100	100
"05540095"	4265	237.1	"07"	41.822529	-88.173402	"IL"	1	"Non-ref"	"CntlPlains"	22	130	130	1.2535	1.2535	14607	12054	99.98	100
"05540500"	4271	838.9	"07"	41.522253	-88.192562	"IL"	1	"Non-ref"	"CntlPlains"	27	138	138	0.9456	0.9456	14610	12054	100	100
"05542000"	4273	1165.6	"07"	41.286143	-88.359787	"IL"	1	"Non-ref"	"CntlPlains"	18	97	97	0.0912	0.0912	13511	10955	92.48	90.88
"05543500"	4274	21349.7	"07"	41.326978	-88.717574	"IL"	4	"Non-ref"	"CntlPlains"	32	208	205	0.4219	0.4218	14610	12054	100	100
"05548280"	4278	498.2	"07"	42.443353	-88.247589	"IL"	1	"Non-ref"	"CntlPlains"	19	144	144	0.1269	0.1269	14607	12054	99.98	100
"05550000"	4280	3664	"07"	42.166413	-88.29036	"IL"	1	"Non-ref"	"CntlPlains"	25	159	159	0.1464	0.1464	10866	10866	74.37	90.14
"05550500"	4282	94.1	"07"	42.026138	-88.255633	"IL"	4	"Non-ref"	"CntlPlains"	20	115	104	0.0845	0.0849	14610	12054	100	100
"05551700"	4287	182.2	"07"	41.671696	-88.441462	"IL"	1	"Non-ref"	"CntlPlains"	15	139	139	0.1182	0.1182	14610	12054	100	100
"05552500"	4288	6844.4	"07"	41.384477	-88.789242	"IL"	4	"Non-ref"	"CntlPlains"	22	180	180	0.2704	0.2704	14610	12054	100	100
"05555300"	4290	3253.5	"07"	41.208368	-88.930912	"IL"	4	"Non-ref"	"CntlPlains"	18	105	105	0.2517	0.2517	14610	12054	100	100
"05556500"	4292	505.1	"07"	41.36587	-89.498427	"IL"	4	"Ref"	"CntlPlains"	18	105	105	0.2601	0.2601	14610	12054	100	100
"05568800"	4307	163.7	"07"	41.01837	-89.835383	"IL"	4	"Non-ref"	"CntlPlains"	12	127	127	0.1354	0.1354	14607	12052	99.98	99.98
"05569500"	4308	2773.1	"07"	40.707261	-90.280125	"IL"	3	"Non-ref"	"CntlPlains"	18	97	97	0.1476	0.1476	14610	12054	100	100
"05570000"	4309	4241.2	"07"	40.490041	-90.340403	"IL"	1	"Non-ref"	"CntlPlains"	18	101	101	0.1865	0.1865	14610	12054	100	100
"05570910"	4312	561	"07"	40.310589	-88.322275	"IL"	4	"Non-ref"	"CntlPlains"	14	134	134	0.111	0.111	14580	12024	99.79	99.75
"05572000"	4314	1426.5	"07"	40.030867	-88.588954	"IL"	4	"Non-ref"	"CntlPlains"	14	175	163	0.1478	0.1483	14578	12022	99.78	99.73
"05573540"	4315	2433.3	"07"	39.831148	-88.976467	"IL"	1	"Non-ref"	"CntlPlains"	22	114	114	0.1648	0.1648	13337	10786	91.29	89.48
"05576500"	4319	6784.4	"07"	39.843105	-89.54732	"IL"	1	"Non-ref"	"CntlPlains"	29	139	139	0.5652	0.5652	12418	9862	85	81.82
"05578500"	4321	862.6	"07"	40.115038	-89.049251	"IL"	1	"Non-ref"	"CntlPlains"	30	124	124	0.2114	0.2114	14610	12054	100	100
"05579500"	4322	552.1	"07"	39.951435	-89.383706	"IL"	1	"Non-ref"	"CntlPlains"	16	110	110	0.1009	0.1009	14610	12054	100	100
"05580000"	4324	591.5	"07"	40.254761	-89.129253	"IL"	4	"Non-ref"	"CntlPlains"	18	88	88	0.0847	0.0847	14607	12051	99.98	99.98
"05582000"	4328	4671.4	"07"	40.13199	-89.735664	"IL"	4	"Non-ref"	"CntlPlains"	26	116	116	0.2176	0.2176	14610	12054	100	100
"05583000"	4330	13263.8	"07"	40.123935	-89.985114	"IL"	4	"Non-ref"	"CntlPlains"	25	177	177	0.3677	0.3677	14610	12054	100	100
"05584500"	4332	1695.7	"07"	40.330322	-90.896245	"IL"	4	"Ref"	"CntlPlains"	13	207	207	0.1889	0.1889	14609	12053	99.99	99.99
"05585000"	4333	3354.6	"07"	40.02477	-90.631795	"IL"	1	"Ref"	"CntlPlains"	15	140	140	0.2096	0.2096	14610	12054	100	100
"05587000"	4337	2241.3	"07"	39.234214	-90.394562	"IL"	4	"Non-ref"	"CntlPlains"	20	99	99	0.231	0.231	14610	12054	100	100
"05587900"	4339	546.3	"07"	38.824492	-89.974825	"IL"	1	"Non-ref"	"SEPlains"	22	89	89	0.2035	0.2035	14545	11989	99.56	99.46
"05591200"	4345	1227.6	"07"	39.583367	-88.413384	"IL"	1	"Non-ref"	"CntlPlains"	22	134	134	0.2347	0.2347	14609	12053	99.99	99.99
"05591700"	4348	297.2	"07"	39.731146	-88.66201	"IL"	1	"Non-ref"	"CntlPlains"	19	101	101	0.1068	0.1068	13140	10753	89.94	89.21
"05592100"	4351	3451.5	"07"	39.229764	-88.841732	"IL"	1	"Non-ref"	"CntlPlains"	22	125	125	0.1133	0.1133	14610	12054	100	100
"05592500"	4353	5020.7	"07"	38.960601	-89.088955	"IL"	3	"Non-ref"	"CntlPlains"	28	136	136	0.1658	0.1658	14605	12049	99.97	99.96
"05592800"	4355	394.2	"07"	38.922546	-89.236739	"IL"	1	"Non-ref"	"SEPlains"	14	123	123	0.1679	0.1679	14531	11975	99.46	99.34
"05592900"	4356	292.2	"07"	38.688937	-89.100065	"IL"	1	"Non-ref"	"SEPlains"	13	140	140	0.2152	0.2152	13609	11080	93.15	91.92
"05594000"	4363	1909.8	"07"	38.609771	-89.494529	"IL"	1	"Non-ref"	"SEPlains"	26	103	103	0.2426	0.2426	14606	12050	99.97	99.97
"05594100"	4364	11361.8	"07"	38.450605	-89.627593	"IL"	1	"Non-ref"	"SEPlains"	24	130	130	0.2442	0.2442	14610	12054	100	100
"05594450"	4365	399.9	"07"	38.716715	-89.829263	"IL"	1	"Non-ref"	"SEPlains"	23	105	105	0.8543	0.8543	14595	12046	99.9	99.93
"05594800"	4366	1215	"07"	38.406161	-89.873991	"IL"	1	"Non-ref"	"SEPlains"	26	106	106	0.5986	0.5986	14607	12051	99.98	99.98
"05595200"	4368	332.9	"07"	38.323939	-89.970939	"IL"	1	"Non-ref"	"SEPlains"	21	112	112	1.1255	1.1255	14610	12054	100	100
"05595730"	4370	236.8	"07"	38.253939	-89.039793	"IL"	1	"Ref"	"SEPlains"	10	133	133	0.1802	0.1802	13209	10664	90.41	88.47
"05597000"	4374	2045.1	"07"	37.901439	-89.013962	"IL"	1	"Non-ref"	"SEPlains"	25	98	98	0.1641	0.1641	14610	12054	100	100
"05597500"	4375	82.3	"07"	37.731161	-88.889234	"IL"	1	"Non-ref"	"SEPlains"	14	92	92	0.086	0.086	13367	10831	91.49	89.85
"05599500"	4377	5615.6	"07"	37.748056	-89.346667	"IL"	1	"Non-ref"	"SEPlains"	27	140	140	0.2049	0.2049	10114	10114	69.23	83.91
"06088500"	4429	976.8	"10U"	47.561069	-111.538307	"MT"	1	"Non-ref"	"WestPlains"	19	88	84	0.174	0.1692	14598	12054	99.92	100
"06089000"	4430	4889.7	"10U"	47.525736	-111.511842	"MT"	1	"Non-ref"	"WestPlains"	16	87	87	0.0753	0.0753	14610	12054	100	100
"06236100"	4513	11522.4	"10U"	43.129125	-108.223986	"WY"	1	"Non-ref"	"WestXeric"	15	92	58	0.0996	0.1071	8407	8281	57.54	68.7
"06253000"	4516	1087.7	"10U"	43.22218	-108.218986	"WY"	6	"Non-ref"	"WestXeric"	19	90	38	0.1561	0.1608	12783	10227	87.49	84.84
"06279500"	4538	40824.9	"10U"	44.758566	-108.181497	"WY"	4	"Non-ref"	"WestXeric"	16	119	110	0.1727	0.1679	14610	12054	100	100
"06307740"	4575	1839.4	"10U"	45.583889	-106.255292	"MT"	1	"Non-ref"	"WestPlains"	4	90	84	0.0726	0.0704	9555	8148	65.4	67.6
"06308500"	4578	13997.2	"10U"	46.384725	-105.84528	"MT"	4	"Non-ref"	"WestPlains"	12	75	71	0.1239	0.1276	14610	12054	100	100
"06324500"	4601	20793.5	"10U"	45.057765	-105.878067	"MT"	1	"Non-ref"	"WestPlains"	14	307	244	0.3003	0.293	14605	12049	99.97	99.96
"06326500"	4603	33847.4	"10U"	46.430004	-105.309983	"MT"	4	"Non-ref"	"WestPlains"	12	179	179	0.4056	0.4056	14590	12034	99.86	99.83
"06332515"	4608	191.5	"10U"	47.787237	-102.768526	"ND"	1	"Ref"	"WestPlains"	6	102	74	0.0932	0.0915	13870	11314	94.93	93.86
"06426500"	4703	4378.5	"10U"	44.321926	-104.940531	"WY"	1	"Non-ref"	"WestPlains"	10	75	75	0.2789	0.2789	12545	9992	85.87	82.89
"06452000"	4751	25791	"10U"	43.748327	-99.556495	"SD"	1	"Ref"	"WestPlains"	8	82	82	1.3574	1.3574	14560	12004	99.66	99.59
"06461500"	4763	21622.6	"10L"	42.902092	-100.362344	"NE"	1	"Non-ref"	"WestPlains"	13	174	174	0.1242	0.1242	14610	12054	100	100
"06463500"	4766	1235.1	"10L"	42.689508	-99.678956	"NE"	1	"Non-ref"	"WestPlains"	8	175	175	0.2075	0.2075	14610	12054	100	100
"06465500"	4771	33198	"10L"	42.739683	-98.224319	"NE"	1	"Non-ref"	"WestPlains"	11	136	131	0.2493	0.2493	14610	12054	100	100
"06468250"	4777	3242.6	"10U"	47.399719	-98.797606	"ND"	1	"Ref"	"CntlPlains"	8	90	90	0.278	0.278	11024	8602	75.46	71.36
"06471000"	4784	14790.2	"10U"	45.60358	-98.310376	"SD"	1	"Non-ref"	"CntlPlains"	12	70	70	0.2943	0.2943	12992	10469	88.93	86.85
"06485500"	4821	19904.5	"10L"	42.837215	-96.5617	"IA"	1	"Non-ref"	"CntlPlains"	13	147	147	0.4541	0.4541	14610	12054	100	100
"06607500"	4833	9120.5	"10L"	41.964432	-95.972788	"IA"	1	"Non-ref"	"CntlPlains"	20	117	97	0.3561	0.3528	14610	12054	100	100
"06609500"	4836	2252.1	"10L"	41.64249	-95.782786	"IA"	1	"Non-ref"	"CntlPlains"	22	110	92	0.739	0.6986	14610	12054	100	100
"06630000"	4853	11176.6	"10L"	41.872181	-107.057546	"WY"	1	"Non-ref"	"WestMnts"	20	83	62	0.0876	0.0923	14610	12054	100	100
"06710247"	4914	8028.8	"10L"	39.632488	-105.014983	"CO"	1	"Non-ref"	"WestMnts"	23	97	96	0.3206	0.3226	8729	6173	59.75	51.21
"06714000"	4924	10012.2	"10L"	39.759709	-105.003315	"CO"	4	"Non-ref"	"WestMnts"	25	235	232	0.6682	0.6687	10134	10134	69.36	84.07
"06720500"	4935	12349.3	"10L"	39.921929	-104.868309	"CO"	4	"Non-ref"	"WestMnts"	26	186	185	1.4706	1.4679	10134	10134	69.36	84.07
"06754000"	4962	25015.6	"10L"	40.412203	-104.563292	"CO"	4	"Non-ref"	"WestMnts"	30	303	176	0.7213	0.7825	10134	10134	69.36	84.07
"06794000"	4995	1756.5	"10L"	41.442236	-97.736719	"NE"	1	"Non-ref"	"WestPlains"	12	110	110	0.5052	0.5052	14610	12054	100	100
"06799000"	5002	7418.1	"10L"	42.003061	-97.426172	"NE"	4	"Non-ref"	"WestPlains"	9	109	109	0.2841	0.2841	14610	12054	100	100
"06799350"	5005	12110.4	"10L"	41.839444	-96.727532	"NE"	4	"Non-ref"	"CntlPlains"	15	99	99	0.3585	0.3585	14610	12054	100	100
"06800000"	5010	953.9	"10L"	41.560397	-96.540783	"NE"	4	"Non-ref"	"CntlPlains"	17	428	277	0.4186	0.3867	14610	12054	100	100
"06800500"	5011	17988.7	"10L"	41.293331	-96.283772	"NE"	4	"Non-ref"	"CntlPlains"	18	357	244	0.5549	0.553	14610	12054	100	100
"06803555"	5023	2724	"10L"	40.965506	-96.454367	"NE"	4	"Non-ref"	"CntlPlains"	24	117	117	1.5504	1.5504	14610	12054	100	100
"06810000"	5035	7281.8	"10L"	40.632501	-95.625826	"IA"	1	"Non-ref"	"CntlPlains"	21	182	163	0.4491	0.4421	14610	12054	100	100
"06811500"	5036	2051.9	"10L"	40.392717	-95.812833	"NE"	1	"Non-ref"	"CntlPlains"	22	105	105	0.3565	0.3565	14610	12054	100	100
"06815000"	5041	3473.2	"10L"	40.035558	-95.596096	"NE"	1	"Non-ref"	"CntlPlains"	19	102	102	0.2577	0.2577	14610	12054	100	100
"06817700"	5046	3927.9	"10L"	40.202464	-95.069556	"MO"	1	"Non-ref"	"CntlPlains"	17	173	136	0.303	0.2976	13585	11029	92.98	91.5
"06821190"	5056	6178.8	"10L"	39.400972	-94.726819	"MO"	1	"Non-ref"	"CntlPlains"	22	167	135	0.3067	0.299	14610	12054	100	100
"06824500"	5059	12030	"10L"	40.034358	-101.542722	"NE"	1	"Non-ref"	"WestPlains"	12	99	99	0.1225	0.1225	7469	5553	51.12	46.07
"06844500"	5084	40333.4	"10L"	40.131544	-99.502561	"NE"	1	"Non-ref"	"WestPlains"	18	103	103	0.263	0.263	13843	11373	94.75	94.35
"06872500"	5127	6217.1	"10L"	39.555097	-98.692325	"KS"	1	"Non-ref"	"WestPlains"	16	85	85	0.28	0.28	14567	12011	99.71	99.64
"06874000"	5131	5102.3	"10L"	39.428622	-98.694795	"KS"	1	"Non-ref"	"WestPlains"	17	70	70	0.2007	0.2007	14607	12053	99.98	99.99
"06877600"	5135	49592.2	"10L"	38.906489	-97.11792	"KS"	1	"Non-ref"	"WestPlains"	19	84	84	0.2543	0.2543	14610	12054	100	100
"06880800"	5142	3119.2	"10L"	40.731118	-97.177541	"NE"	1	"Non-ref"	"WestPlains"	19	142	142	0.7751	0.7751	14296	12054	97.85	100
"06882000"	5147	11512.5	"10L"	40.044686	-96.587333	"NE"	1	"Non-ref"	"WestPlains"	21	131	131	0.6366	0.6366	14610	12054	100	100
"06883000"	5149	2573.6	"10L"	40.332417	-98.067003	"NE"	1	"Non-ref"	"WestPlains"	19	103	103	0.3669	0.3669	14610	12054	100	100
"06884025"	5152	7172	"10L"	39.980331	-97.004689	"KS"	1	"Non-ref"	"WestPlains"	21	122	122	0.4329	0.4329	14610	12054	100	100
"06887000"	5156	24991.8	"10L"	39.237135	-96.571431	"KS"	1	"Non-ref"	"WestPlains"	21	89	86	0.1765	0.17	14610	12054	100	100
"06893500"	5180	477	"10L"	38.957003	-94.5589	"MO"	1	"Non-ref"	"CntlPlains"	28	77	75	1.0458	1.0504	14610	12054	100	100
"06893557"	5181	33.9	"10L"	39.033083	-94.605389	"MO"	1	"Non-ref"	"CntlPlains"	25	82	81	0.2428	0.2451	7804	5248	53.42	43.54
"06894000"	5190	480.4	"10L"	39.100561	-94.300504	"MO"	1	"Non-ref"	"CntlPlains"	29	111	43	0.271	0.3488	14610	12054	100	100
"06902000"	5206	17944.1	"10L"	39.640033	-93.273686	"MO"	1	"Non-ref"	"CntlPlains"	16	378	304	0.2528	0.2417	14610	12054	100	100
"06905500"	5213	4899.5	"10L"	39.539942	-92.79075	"MO"	1	"Non-ref"	"CntlPlains"	18	208	174	0.212	0.2114	14610	12054	100	100
"06906300"	5217	565	"10L"	39.454914	-92.568497	"MO"	1	"Non-ref"	"CntlPlains"	22	172	138	0.0877	0.0866	11598	11598	79.38	96.22
"06918070"	5250	14338.5	"10L"	38.055861	-94.145417	"MO"	1	"Non-ref"	"CntlPlains"	24	207	170	0.1724	0.1608	9900	9900	67.76	82.13
"07031692"	5362	79	"08"	35.16937	-89.866125	"TN"	4	"Non-ref"	"SEPlains"	23	81	81	0.3596	0.3596	8562	6030	58.6	50.02
"07047800"	5378	2496.1	"08"	35.273056	-90.559167	"AR"	3	"Non-ref"	"SECstPlain"	23	85	85	0.2901	0.2901	8870	8870	60.71	73.59
"07047942"	5381	1390.7	"08"	35.144534	-90.878449	"AR"	1	"Non-ref"	"SECstPlain"	26	162	136	0.2344	0.2316	14577	12021	99.77	99.73
"07048600"	5387	1033	"11"	36.073134	-94.081313	"AR"	1	"Non-ref"	"EastHghlnds"	13	115	86	0.1493	0.1408	13358	10807	91.43	89.65
"07049000"	5390	690.2	"11"	36.200075	-93.855195	"AR"	4	"Ref"	"EastHghlnds"	12	108	93	0.0987	0.0908	7759	5206	53.11	43.19
"07050500"	5392	1367.2	"11"	36.425992	-93.623192	"AR"	4	"Non-ref"	"EastHghlnds"	13	193	193	0.11	0.11	9884	7328	67.65	60.79
"07077555"	5458	2995.5	"08"	35.035369	-91.322072	"AR"	4	"Non-ref"	"SECstPlain"	19	79	79	0.2103	0.2103	11907	9359	81.5	77.64
"07097000"	5479	10246.7	"11"	38.388334	-105.016096	"CO"	1	"Non-ref"	"WestMnts"	20	116	114	0.0823	0.0823	10134	10134	69.36	84.07
"07103700"	5488	264.2	"11"	38.854714	-104.878031	"CO"	1	"Non-ref"	"WestMnts"	24	96	69	0.2425	0.2167	14610	12054	100	100
"07103970"	5495	466	"11"	38.933882	-104.817199	"CO"	1	"Non-ref"	"WestMnts"	29	158	92	0.5132	0.4971	8492	5936	58.12	49.25
"07104000"	5498	529.2	"11"	38.917771	-104.818588	"CO"	1	"Non-ref"	"WestMnts"	30	108	25	0.3428	0.238	14610	12054	100	100
"07105500"	5503	1017.9	"11"	38.816382	-104.822752	"CO"	1	"Non-ref"	"WestMnts"	29	185	105	0.3471	0.2937	14610	12054	100	100
"07105530"	5504	1072	"11"	38.803049	-104.795807	"CO"	1	"Non-ref"	"WestMnts"	32	187	94	0.7603	0.9211	11023	8467	75.45	70.24
"07105800"	5506	1316.8	"11"	38.72944	-104.733861	"CO"	1	"Non-ref"	"WestMnts"	33	169	85	0.7128	0.8474	14610	12054	100	100
"07106000"	5510	1768.5	"11"	38.601665	-104.67025	"CO"	1	"Non-ref"	"WestPlains"	29	143	60	0.615	0.6952	12601	10045	86.25	83.33
"07106300"	5511	2194.8	"11"	38.439722	-104.593583	"CO"	1	"Non-ref"	"WestPlains"	27	160	78	0.7076	0.7996	14603	12047	99.95	99.94
"07106500"	5512	2404.4	"11"	38.28778	-104.601085	"CO"	1	"Non-ref"	"WestPlains"	24	176	93	0.6011	0.6761	14610	12054	100	100
"07143672"	5553	2003.4	"11"	38.028622	-97.540597	"KS"	1	"Non-ref"	"WestPlains"	15	175	126	0.6154	0.596	8911	6355	60.99	52.72
"07144100"	5554	3200.4	"11"	37.883067	-97.424486	"KS"	1	"Non-ref"	"WestPlains"	21	308	144	0.6809	0.699	9588	7032	65.63	58.34
"07144780"	5558	2078.9	"11"	37.862607	-98.013853	"KS"	1	"Ref"	"WestPlains"	12	193	158	0.2911	0.2781	14605	12049	99.97	99.96
"07144795"	5559	2575.9	"11"	37.721401	-97.794496	"KS"	1	"Non-ref"	"WestPlains"	17	98	98	0.109	0.109	12849	11847	87.95	98.28
"07183500"	5635	12544.2	"11"	37.340059	-95.109969	"KS"	1	"Non-ref"	"WestPlains"	20	89	89	0.1338	0.1338	14610	12054	100	100
"07187000"	5646	1110.4	"11"	37.023156	-94.516567	"MO"	3	"Non-ref"	"EastHghlnds"	15	147	67	0.1386	0.1282	14610	12054	100	100
"07189000"	5651	2200.7	"11"	36.631461	-94.586889	"MO"	4	"Non-ref"	"EastHghlnds"	21	248	227	0.0707	0.0728	14610	12054	100	100
"07189540"	5653	20.9	"11"	36.547297	-94.618	"OK"	1	"Non-ref"	"EastHghlnds"	18	139	139	0.1219	0.1219	8152	5596	55.8	46.42
"07194800"	5665	433.9	"11"	36.103136	-94.344655	"AR"	1	"Non-ref"	"EastHghlnds"	23	247	223	0.0826	0.0848	7866	5311	53.84	44.06
"07195000"	5666	335.6	"11"	36.222069	-94.286581	"AR"	1	"Non-ref"	"EastHghlnds"	23	283	252	0.6337	0.7019	8938	6382	61.18	52.95
"07195400"	5667	1316.4	"11"	36.14472	-94.49472	"AR"	1	"Non-ref"	"EastHghlnds"	25	116	116	0.2558	0.2558	7401	4845	50.66	40.19
"07195430"	5668	1469.5	"11"	36.108611	-94.533333	"AR"	1	"Non-ref"	"EastHghlnds"	23	169	144	0.2207	0.2456	8937	6381	61.17	52.94
"07195500"	5669	1630	"11"	36.130082	-94.572164	"OK"	1	"Non-ref"	"EastHghlnds"	23	292	216	0.1844	0.1906	14610	12054	100	100
"07195865"	5672	49.6	"11"	36.201748	-94.605221	"OK"	1	"Non-ref"	"EastHghlnds"	22	180	138	0.7056	0.8389	8510	5954	58.25	49.39
"07196000"	5673	298.9	"11"	36.186473	-94.706891	"OK"	1	"Non-ref"	"EastHghlnds"	26	257	179	0.1542	0.1697	13879	11323	95	93.94
"07196500"	5674	2454.3	"11"	35.922869	-94.923566	"OK"	4	"Non-ref"	"EastHghlnds"	22	279	217	0.1132	0.1161	14610	12054	100	100
"07196900"	5675	106.4	"11"	35.880082	-94.486606	"AR"	1	"Ref"	"EastHghlnds"	10	210	195	0.0926	0.0962	14501	11946	99.25	99.1
"07197000"	5676	808.4	"11"	35.9212	-94.838563	"OK"	4	"Ref"	"EastHghlnds"	11	148	108	0.0799	0.0827	14610	12054	100	100
"07227500"	5702	49264.4	"11"	35.470326	-101.879628	"TX"	1	"Non-ref"	"WestPlains"	15	118	91	0.3009	0.3078	14271	11729	97.68	97.3
"07237500"	5718	30775	"11"	36.436703	-99.278438	"OK"	1	"Non-ref"	"WestPlains"	18	86	86	0.3445	0.3445	14608	12052	99.99	99.98
"07241550"	5727	35653.8	"11"	35.500341	-97.193919	"OK"	1	"Non-ref"	"WestPlains"	19	340	142	1.2355	1.1378	14610	12054	100	100
"07242000"	5729	37665.9	"11"	35.265645	-96.206117	"OK"	1	"Non-ref"	"WestPlains"	17	87	87	0.7353	0.7353	14610	12054	100	100
"07247000"	5735	525.4	"11"	34.918989	-94.298825	"AR"	1	"Non-ref"	"EastHghlnds"	18	111	79	0.0892	0.0949	14537	11981	99.5	99.39
"07247015"	5736	694.4	"11"	34.879824	-94.484111	"OK"	1	"Non-ref"	"EastHghlnds"	18	231	158	0.1235	0.118	10089	7560	69.06	62.72
"07277700"	5779	315.4	"08"	34.631944	-89.924444	"MS"	1	"Non-ref"	"SEPlains"	13	190	190	0.121	0.121	9001	9001	61.61	74.67
"07288650"	5796	1301.3	"08"	33.396667	-90.847778	"MS"	4	"Non-ref"	"SECstPlain"	21	394	228	0.277	0.2621	8088	5572	55.36	46.23
"07288955"	5798	34855.9	"08"	32.44417	-90.91417	"MS"	1	"Non-ref"	"SECstPlain"	24	429	313	0.2549	0.252	8780	6266	60.1	51.98
"07290000"	5802	7123.9	"08"	32.347778	-90.696944	"MS"	1	"Non-ref"	"SEPlains"	14	88	88	0.2037	0.2037	14610	12054	100	100
"07301110"	5818	5116.6	"11"	34.478965	-99.38231	"OK"	1	"Non-ref"	"WestPlains"	17	70	70	0.123	0.123	14520	11985	99.38	99.43
"07311800"	5842	1438.1	"11"	33.644257	-99.800925	"TX"	1	"Non-ref"	"WestPlains"	5	76	76	0.0872	0.0872	11749	9883	80.42	81.99
"07331000"	5880	18574	"11"	34.233427	-96.975845	"OK"	1	"Non-ref"	"WestPlains"	20	202	202	0.2165	0.2165	14610	12054	100	100
"07340000"	5901	6942.8	"11"	33.918883	-94.387258	"AR"	1	"Non-ref"	"EastHghlnds"	20	136	136	0.0703	0.0703	14610	12054	100	100
"07342500"	5908	1356.4	"11"	33.356499	-95.594956	"TX"	1	"Non-ref"	"WestPlains"	20	80	80	0.2474	0.2474	14416	11860	98.67	98.39
"07343200"	5910	3609.6	"11"	33.390668	-95.062441	"TX"	1	"Non-ref"	"WestPlains"	18	78	78	0.1364	0.1364	14541	11996	99.53	99.52
"07346070"	5922	1808.6	"11"	32.71292	-94.346027	"TX"	3	"Non-ref"	"SEPlains"	17	70	70	0.0886	0.0886	13965	11503	95.59	95.43
"07364133"	5964	1049.6	"08"	33.866389	-91.656111	"AR"	3	"Non-ref"	"SECstPlain"	27	154	88	0.2171	0.2093	11615	9079	79.5	75.32
"07364150"	5965	1416.1	"08"	33.627778	-91.445833	"AR"	6	"Non-ref"	"SEPlains"	20	129	100	0.2226	0.2151	11323	8767	77.5	72.73
"07369500"	5976	721	"08"	32.432087	-91.366781	"LA"	4	"Non-ref"	"SECstPlain"	15	131	131	0.2937	0.2937	14605	12053	99.97	99.99
"07385700"	6004	181.1	"08"	30.071035	-91.829284	"LA"	4	"Non-ref"	"SECstPlain"	19	71	71	0.2631	0.2631	14587	12051	99.84	99.98
"08022040"	6029	9301.9	"12"	32.327379	-94.35353	"TX"	1	"Non-ref"	"SEPlains"	25	72	72	0.1519	0.1519	14610	12054	100	100
"08033500"	6050	9406.1	"12"	31.025	-94.399444	"TX"	1	"Non-ref"	"SEPlains"	19	70	70	0.0813	0.0813	14610	12054	100	100
"08048543"	6075	6922.9	"12"	32.751797	-97.28946	"TX"	4	"Non-ref"	"WestPlains"	23	87	87	0.1043	0.1043	14598	12043	99.92	99.91
"08049500"	6077	7908.3	"12"	32.798741	-97.02973	"TX"	1	"Non-ref"	"WestPlains"	23	88	88	1.8799	1.8799	14610	12054	100	100
"08051500"	6087	763.4	"12"	33.336227	-97.179459	"TX"	4	"Non-ref"	"WestPlains"	21	87	87	0.1056	0.1056	12690	10354	86.86	85.9
"08057200"	6098	173	"12"	32.889292	-96.756666	"TX"	4	"Non-ref"	"WestPlains"	27	339	182	0.2438	0.2374	11871	9316	81.25	77.29
"08057410"	6099	16226.8	"12"	32.707631	-96.735832	"TX"	4	"Non-ref"	"WestPlains"	30	422	296	1.175	1.3083	13514	10958	92.5	90.91
"08062500"	6113	21047.8	"12"	32.42653	-96.463042	"TX"	4	"Non-ref"	"WestPlains"	29	91	91	2.1005	2.1005	14609	12054	99.99	100
"08062700"	6114	22086.1	"12"	32.134875	-96.105804	"TX"	1	"Non-ref"	"WestPlains"	28	94	94	1.6888	1.6888	14610	12054	100	100
"08064100"	6122	2135.6	"12"	32.198482	-96.520264	"TX"	4	"Non-ref"	"WestPlains"	25	107	107	0.0858	0.0858	12439	9956	85.14	82.59
"08065350"	6128	35967.2	"12"	31.338513	-95.656341	"TX"	4	"Non-ref"	"WestPlains"	28	75	75	0.9512	0.9512	14610	12054	100	100
"08066500"	6136	44412.1	"12"	30.425207	-94.850762	"TX"	4	"Non-ref"	"WestPlains"	26	127	127	0.1539	0.1539	14610	12054	100	100
"08068000"	6140	2147.3	"12"	30.244657	-95.457162	"TX"	1	"Non-ref"	"SEPlains"	22	107	107	0.4162	0.4162	14610	12054	100	100
"08068090"	6141	2538.5	"12"	30.086051	-95.299935	"TX"	1	"Non-ref"	"SEPlains"	21	81	81	0.3128	0.3128	10836	8280	74.17	68.69
"08068500"	6147	1046.3	"12"	30.110495	-95.436327	"TX"	1	"Non-ref"	"SEPlains"	25	159	81	0.8712	0.8843	14610	12054	100	100
"08069000"	6153	726.4	"12"	30.035775	-95.428827	"TX"	1	"Non-ref"	"SECstPlain"	31	100	100	2.0191	2.0191	14610	12054	100	100
"08070200"	6155	989.4	"12"	30.145493	-95.124376	"TX"	1	"Ref"	"SEPlains"	11	201	138	0.1013	0.1014	12924	10472	88.46	86.88
"08073600"	6163	751.4	"12"	29.762173	-95.557721	"TX"	1	"Non-ref"	"SECstPlain"	35	73	73	1.8336	1.8336	14610	12054	100	100
"08106500"	6247	18398	"12"	30.83519	-96.946651	"TX"	1	"Non-ref"	"WestPlains"	19	79	79	0.3968	0.3968	14610	12054	100	100
"08123850"	6267	38861.5	"12"	32.053744	-100.762052	"TX"	1	"Non-ref"	"WestPlains"	21	79	79	0.1453	0.1453	13319	11048	91.16	91.65
"08154700"	6306	58.7	"12"	30.372148	-97.78473	"TX"	1	"Non-ref"	"WestPlains"	19	77	68	0.1652	0.1772	14080	11641	96.37	96.57
"08155200"	6307	232.7	"12"	30.296316	-97.925565	"TX"	1	"Ref"	"WestPlains"	11	76	69	0.1083	0.1023	11636	9080	79.64	75.33
"08158600"	6322	134.6	"12"	30.283264	-97.655003	"TX"	1	"Non-ref"	"WestPlains"	19	91	81	0.6929	0.667	14295	11780	97.84	97.73
"08164000"	6337	2124	"12"	28.959984	-96.686367	"TX"	1	"Ref"	"WestPlains"	13	89	89	0.1549	0.1549	14581	12046	99.8	99.93
"08164503"	6342	444.9	"12"	29.071646	-96.467193	"TX"	1	"Non-ref"	"SECstPlain"	18	74	74	0.1895	0.1895	14482	11926	99.12	98.94
"08178800"	6379	505.8	"12"	29.35718	-98.412793	"TX"	4	"Non-ref"	"WestPlains"	30	183	183	0.0986	0.0986	14563	12023	99.68	99.74
"08181500"	6389	3399.7	"12"	29.264128	-98.490849	"TX"	1	"Non-ref"	"WestPlains"	27	101	94	1.3341	1.3483	14610	12054	100	100
"08181800"	6390	4528.5	"12"	29.222185	-98.355846	"TX"	4	"Non-ref"	"WestPlains"	29	204	190	1.5546	1.5864	14610	12054	100	100
"08186000"	6399	2136.5	"12"	29.014139	-97.930281	"TX"	1	"Non-ref"	"SEPlains"	21	81	81	0.2901	0.2901	14595	12054	99.9	100
"08188500"	6401	10120.1	"12"	28.649715	-97.384715	"TX"	1	"Non-ref"	"SEPlains"	24	101	96	1.6064	1.6184	14610	12054	100	100
"08210000"	6435	39967.6	"12"	28.427495	-98.178063	"TX"	1	"Non-ref"	"WestPlains"	19	94	94	0.2209	0.2209	14610	12054	100	100
"08227000"	6454	1327.3	"13"	38.163333	-106.290583	"CO"	4	"Non-ref"	"WestMnts"	7	74	59	0.1188	0.1153	10134	10134	69.36	84.07
"08276500"	6494	16910.6	"13"	36.320023	-105.754459	"NM"	4	"Non-ref"	"WestMnts"	21	121	121	0.0843	0.0843	14610	12054	100	100
"08313000"	6511	28381.5	"13"	35.874747	-106.142247	"NM"	4	"Non-ref"	"WestMnts"	20	148	148	0.1158	0.1158	14610	12054	100	100
"08396500"	6574	46492.1	"13"	32.840391	-104.323572	"NM"	1	"Non-ref"	"WestXeric"	18	78	77	0.1136	0.1145	14586	12030	99.84	99.8
"09041090"	6620	375.5	"14"	40.202484	-106.422534	"CO"	1	"Non-ref"	"WestMnts"	11	142	118	0.0884	0.085	9660	8159	66.12	67.69
"09066510"	6659	263.4	"14"	39.60943	-106.447808	"CO"	4	"Non-ref"	"WestMnts"	16	167	152	0.1135	0.1177	8858	6302	60.63	52.28
"09152500"	6729	20560	"14"	38.983316	-108.450645	"CO"	4	"Non-ref"	"WestMnts"	21	135	94	0.1199	0.113	14610	12054	100	100
"09163500"	6731	46273.9	"14"	39.13276	-109.027055	"CO"	4	"Non-ref"	"WestMnts"	20	292	192	0.169	0.1612	14610	12054	100	100
"09260050"	6820	20551.9	"14"	40.451634	-108.525101	"CO"	1	"Non-ref"	"WestXeric"	14	85	61	0.1607	0.1685	12875	10319	88.12	85.61
"09306290"	6876	6559.3	"14"	40.179693	-108.565377	"CO"	1	"Non-ref"	"WestXeric"	10	98	82	0.1354	0.1271	13667	11111	93.55	92.18
"09328500"	6894	4292.5	"14"	38.858308	-110.370147	"UT"	1	"Non-ref"	"WestXeric"	17	111	111	0.2541	0.2541	14150	11678	96.85	96.88
"09368000"	6943	33180.1	"14"	36.79222	-108.732311	"NM"	1	"Non-ref"	"WestXeric"	16	89	89	0.1434	0.1434	14609	12054	99.99	100
"09415000"	7016	12571.1	"15"	36.891644	-113.92441	"AZ"	1	"Non-ref"	"WestXeric"	14	150	128	0.2089	0.198	14610	12054	100	100
"09419700"	7030	4732.2	"15"	36.087475	-114.985828	"NV"	1	"Non-ref"	"WestXeric"	21	195	195	0.6385	0.6385	8492	5936	58.12	49.25
"09419753"	7031	4898.6	"15"	36.100375	-114.943319	"NV"	1	"Non-ref"	"WestXeric"	20	130	130	0.6475	0.6475	9226	6670	63.15	55.33
"09419800"	7032	4935.8	"15"	36.122198	-114.904992	"NV"	1	"Non-ref"	"WestXeric"	21	90	90	1.3193	1.3193	8128	5572	55.63	46.23
"09431500"	7041	7318.1	"15"	32.72702	-108.67561	"NM"	1	"Non-ref"	"WestMnts"	9	136	136	0.0851	0.0851	14609	12054	99.99	100
"09448500"	7053	20424	"15"	32.868397	-109.511186	"AZ"	1	"Non-ref"	"WestMnts"	9	133	113	0.1959	0.1864	14610	12054	100	100
"09466500"	7056	29892.8	"15"	33.185613	-110.22009	"AZ"	1	"Non-ref"	"WestMnts"	11	124	124	0.2086	0.2086	14050	11515	96.17	95.53
"09498400"	7100	505.7	"15"	33.573107	-110.901225	"AZ"	3	"Non-ref"	"WestMnts"	19	91	91	0.1	0.1	14405	11849	98.6	98.3
"09498500"	7101	11102.9	"15"	33.619495	-110.921504	"AZ"	4	"Non-ref"	"WestMnts"	10	165	148	0.1298	0.1247	14610	12054	100	100
"09504000"	7113	8198	"15"	34.852242	-112.065994	"AZ"	1	"Non-ref"	"WestMnts"	8	70	64	0.0934	0.092	14610	12054	100	100
"09508500"	7125	14242.6	"15"	34.073092	-111.716257	"AZ"	4	"Non-ref"	"WestMnts"	10	109	99	0.073	0.0743	7667	5111	52.48	42.4
"10126000"	7185	18311.9	"16"	41.576321	-112.100782	"UT"	4	"Non-ref"	"WestXeric"	22	97	97	0.1837	0.1837	14610	12054	100	100
"10141000"	7204	5371.4	"16"	41.278277	-112.091887	"UT"	4	"Non-ref"	"WestMnts"	23	167	109	0.4366	0.4618	14610	12054	100	100
"10168000"	7230	116.9	"16"	40.663836	-111.90188	"UT"	4	"Non-ref"	"WestMnts"	26	265	126	0.0702	0.0737	11927	9371	81.64	77.74
"10171000"	7232	9095.5	"16"	40.733557	-111.92327	"UT"	4	"Non-ref"	"WestMnts"	29	326	199	0.9483	1.0137	14610	12054	100	100
"10301500"	7346	7032.1	"16"	39.152461	-119.098889	"NV"	3	"Non-ref"	"WestXeric"	15	95	95	0.1402	0.1402	14434	12054	98.8	100
"10312000"	7369	3800.7	"16"	39.291667	-119.311111	"NV"	4	"Non-ref"	"WestXeric"	19	86	86	0.2027	0.2027	14317	11886	97.99	98.61
"10336660"	7406	29.8	"16"	39.107407	-120.162135	"CA"	1	"Ref"	"WestMnts"	6	250	219	0.0806	0.0823	14609	12054	99.99	100
"10336698"	7409	19.8	"16"	39.240463	-119.946577	"NV"	1	"Non-ref"	"WestMnts"	13	474	398	0.0723	0.0757	14610	12054	100	100
"10350340"	7446	3804	"16"	39.556579	-119.553236	"NV"	1	"Non-ref"	"WestMnts"	26	156	42	0.0713	0.0621	8345	5789	57.12	48.03
"11042000"	7494	1439.1	"18"	33.218091	-117.360316	"CA"	1	"Non-ref"	"WestXeric"	20	72	72	0.1886	0.1886	11084	10562	75.87	87.62
"11074000"	7560	3726.5	"18"	33.883349	-117.64533	"CA"	4	"Non-ref"	"WestXeric"	32	369	244	1.102	1.1113	14610	12054	100	100
"11152300"	7685	11555.7	"18"	36.555517	-121.549663	"CA"	1	"Non-ref"	"WestXeric"	16	138	135	0.1334	0.131	10051	9040	68.8	75
"11181008"	7748	14.3	"18"	37.679931	-122.080519	"CA"	1	"Non-ref"	"WestXeric"	30	75	69	0.3564	0.381	14610	12054	100	100
"11467000"	8131	3465.2	"18"	38.508523	-122.927774	"CA"	1	"Non-ref"	"WestXeric"	26	76	76	0.1214	0.1214	14610	12054	100	100
"12500450"	8525	9018.4	"17"	46.534294	-120.467285	"WA"	4	"Non-ref"	"WestXeric"	22	120	120	0.0864	0.0864	14610	12054	100	100
"12510500"	8531	14536.2	"17"	46.253467	-119.478079	"WA"	4	"Non-ref"	"WestXeric"	20	369	251	0.1089	0.1161	14601	12045	99.94	99.93
"13092747"	8595	664.4	"17"	42.5625	-114.494722	"ID"	3	"Non-ref"	"WestXeric"	20	362	209	0.0852	0.0911	9953	7397	68.12	61.37
"13206000"	8645	7182.2	"17"	43.660556	-116.279167	"ID"	1	"Non-ref"	"WestMnts"	19	137	132	0.1412	0.1438	13809	11253	94.52	93.35
"13213000"	8647	10124.2	"17"	43.781667	-116.972778	"ID"	1	"Non-ref"	"WestMnts"	23	1235	552	0.2477	0.32	12784	10228	87.5	84.85
"13351000"	8741	6378.8	"17"	46.758483	-118.148849	"WA"	4	"Non-ref"	"WestXeric"	10	153	153	0.1718	0.1718	14610	12054	100	100
"14201300"	8924	38.9	"17"	45.100398	-122.82176	"OR"	4	"Non-ref"	"WestMnts"	18	361	193	0.2517	0.2754	9680	7124	66.26	59.1
"14206950"	8933	80.7	"17"	45.403452	-122.754819	"OR"	4	"Non-ref"	"WestMnts"	20	1255	974	0.1327	0.136	7889	5333	54	44.24
"14207500"	8934	1832.9	"17"	45.350676	-122.676204	"OR"	4	"Non-ref"	"WestMnts"	26	88	88	0.2072	0.2072	14610	12054	100	100
"394839104570300"	9064	477.5	"10L"	39.81108	-104.95167	"CO"	4	"Non-ref"	"WestPlains"	31	111	110	0.7313	0.7328	9832	7641	67.3	63.39
