01116500
01124000
01184490
01189995
01192500
01196500
01208500
01349950
01379000
01379500
01381500
01381800
01387500
01388000
01389500
01391500
01394500
01395000
01400500
01401000
01402000
01412800
01421618
01454700
01463500
01464500
01464907
01465500
01467150
01472000
01474000
01474500
01477120
01478245
01479820
01481000
01482500
01487000
01491000
01493500
01531500
01534000
01536000
01540500
01553500
01558000
01567000
01568000
01573560
01574000
01576754
01591000
01594000
01594440
01594526
01608500
01614500
01616500
01621050
01631000
01632900
01634000
01636500
01639000
01649500
01651800
01654000
01667500
01668000
01673000
01674500
02035000
02041650
02042500
02075500
02083500
02084160
0208524090
02085500
02086849
02089500
02091500
02096846
02096960
02097464
02102000
02105769
02116500
02131000
02136000
02198500
02203000
02204070
02210500
02215500
02225000
02228000
02232500
02236000
02248000
02256500
02266300
02266500
02269520
02270500
02273000
02294650
02294898
02295420
02295637
02296500
02296750
02297310
02298123
02298830
02299950
02300100
02300700
02301000
02301300
02301500
02301990
02302500
02303000
02303330
02303350
02303800
02307000
02308935
02310000
02310947
02312500
02312600
02318500
02320500
02329000
02334885
02336300
02336410
02337000
02337170
02338000
02339500
02349500
02349605
02380500
02387000
02387500
02392000
02397000
02398000
0242354750
03073000
03105500
03107500
03150000
03230450
03245500
03290500
03298500
03336645
03336900
03338780
03339000
03345500
03346000
03354000
03378000
03378635
03379500
03380500
03466208
03467609
03575100
03612000
04027000
04072150
04073462
04073468
04073500
040851385
04085427
04086000
04087000
04087030
04087088
04087120
04087159
04116000
04142000
04145000
04161820
04166500
04176500
04178000
04182000
04183000
04184500
04186500
04191500
04192500
04193500
04197100
04198000
04199000
04199500
04200500
04208000
04212100
04213500
0422026250
04230500
04231600
04232034
04232050
0423205010
04250750
05051522
05054000
05056100
05057200
05059000
05066500
05082625
05085000
05090000
05116500
05120500
05123400
05287890
05288705
05325000
05330000
05368000
05369500
05382000
05406500
05407000
05412500
05422000
05424057
05427718
05427948
05430175
054310157
05431016
05431017
05431022
05435500
05437500
05439500
05440000
05443500
05444000
05446500
05447500
05449500
05451210
05464220
05465500
05466500
05469000
05474000
05490500
05495000
05495500
05500000
05514500
05520500
05525000
05525500
05526000
05527500
05527800
05528000
05529000
05531500
05532000
05532500
05534500
05536000
05536275
05539000
05539900
05540095
05540500
05542000
05543500
05548280
05550000
05550500
05551700
05552500
05555300
05556500
05568800
05569500
05570000
05570910
05572000
05573540
05576500
05578500
05579500
05580000
05582000
05583000
05584500
05585000
05587000
05587900
05591200
05591700
05592100
05592500
05592800
05592900
05594000
05594100
05594450
05594800
05595200
05595730
05597000
05597500
05599500
06088500
06089000
06236100
06253000
06279500
06307740
06308500
06324500
06326500
06332515
06426500
06452000
06461500
06463500
06465500
06468250
06471000
06485500
06607500
06609500
06630000
06710247
06714000
06720500
06754000
06794000
06799000
06799350
06800000
06800500
06803555
06810000
06811500
06815000
06817700
06821190
06824500
06844500
06872500
06874000
06877600
06880800
06882000
06883000
06884025
06887000
06893500
06893557
06894000
06902000
06905500
06906300
06918070
07031692
07047800
07047942
07048600
07049000
07050500
07077555
07097000
07103700
07103970
07104000
07105500
07105530
07105800
07106000
07106300
07106500
07143672
07144100
07144780
07144795
07183500
07187000
07189000
07189540
07194800
07195000
07195400
07195430
07195500
07195865
07196000
07196500
07196900
07197000
07227500
07237500
07241550
07242000
07247000
07247015
07277700
07288650
07288955
07290000
07301110
07311800
07331000
07340000
07342500
07343200
07346070
07364133
07364150
07369500
07385700
08022040
08033500
08048543
08049500
08051500
08057200
08057410
08062500
08062700
08064100
08065350
08066500
08068000
08068090
08068500
08069000
08070200
08073600
08106500
08123850
08154700
08155200
08158600
08164000
08164503
08178800
08181500
08181800
08186000
08188500
08210000
08227000
08276500
08313000
08396500
09041090
09066510
09152500
09163500
09260050
09306290
09328500
09368000
09415000
09419700
09419753
09419800
09431500
09448500
09466500
09498400
09498500
09504000
09508500
10126000
10141000
10168000
10171000
10301500
10312000
10336660
10336698
10350340
11042000
11074000
11152300
11181008
11467000
12500450
12510500
13092747
13206000
13213000
13351000
14201300
14206950
14207500
394839104570300
