03001600302
03003000202
03003601002
03005702502
03005702802
03005702902
03005703102
03007000402
03007600302
03007600502
03007702902
03007703902
03013301902
03013400102
04001000302
04001302502
04001302902
04001304402
04001304702
04001305002
04001305802
04001306402
04001308002
04002701202
04002701602
06002400102
06007600402
06007600502
06007602302
06008000602
06008200302
06008301902
06008310402
06010800102
06011600102
06011700302
06012900202
06012900502
06013300402
06018300202
08005600902
08012300202
08012303002
08013500302
08013500502
09000800502
09000800602
09000902402
10000200202
12003100102
12007300802
13001100202
14002800302
14002801202
16008700502
16010900702
16010900802
16012401102
16012401202
16015900302
16016400102
16018400902
16018401002
16018401202
16018401602
16018402702
16018403402
16018403602
16018403702
16018405102
16018406702
16018407402
16018407702
16018409202
16018409302
16018409902
16018410102
16018410202
16018410302
16018410602
17002102502
17002103802
17002107502
17002113302
17002600202
17002600302
17002600602
17002600902
17002601002
17002601302
17002602302
17003100102
17003500402
17003700302
18003300302
18003303102
18003303402
18207002002
18207010002
18207014502
18343006102
18343017502
18369001002
