01010400202
01010500102
01010600202
01010700202
01010800102
03001500202
03001700202
03003600502
03003600902
03004700102
03004900102
03005300102
03005400102
03005700702
03005701002
03005702102
03005703002
03005703202
03006600102
03007000302
03007000502
03007300202
03007300302
03007500202
03007600402
03007600602
03007700202
03007700702
03007701302
03007702102
03007702802
03007703402
03007703502
03007703602
03007703802
03007704002
03007704102
03013301302
03013302402
03013303002
03013400302
04001301602
04001301702
04001303302
04001304102
04001304202
04001306302
04001306602
04001307302
04001308102
04001308202
04001308302
04002700402
04002700702
04002700802
04002700902
04002701502
04002701702
06000300102
06001700102
06001700702
06001701002
06001701102
06003800102
06006000402
06006000702
06006000802
06006100102
06006300102
06006301002
06006301102
06006301202
06006800102
06007600302
06007600602
06007600802
06007601002
06007601502
06007601602
06007601702
06007601802
06007602202
06007605002
06007605102
06007605202
06008000702
06008300902
06008301802
06008310302
06008501402
06009701102
06009701802
06010400102
06010400802
06010800202
06011100302
06011200302
06011200602
06011600502
06011600602
06011700202
06011800102
06012900102
06013000102
06013300502
06014200102
06015700102
06015700302
06016300102
06017200102
06018000202
06018000302
08002100202
08002200702
08002201002
08002201202
08002201602
08002201902
08002202002
08004000202
08004000802
08005600102
08005600202
08005600302
08005602002
08005603502
08005603702
08005603802
08005603902
08005604102
08007600102
08007600202
08010300102
08010700502
08012304402
08012304802
08012305002
08012305102
08012305202
08012305302
08012305602
08012305702
08012305802
08012305902
08013500602
09000100402
09000100502
09000800702
10000100302
11000100502
11000100702
12000200402
12000400202
12001700102
12002700102
12003400102
12007300302
12007301102
12007301502
12008600102
12008600202
12008600402
13000300102
13000800102
13001100102
14002802802
14002803002
14002808902
16001800202
16002700102
16003000302
16003200102
16003200202
16007200102
16008700602
16008701002
16008701502
16009700502
16010901002
16012401402
16015901002
16018401502
16018402902
16018403302
16018403502
16018407502
16018409002
16018409102
16018410402
16018411702
16018412602
16018412702
16018412802
16018412902
16018413002
16018413102
17000800102
17001400102
17001600102
17002100302
17002100702
17002100802
17002101602
17002101702
17002101802
17002102102
17002102302
17002104102
17002104602
17002105202
17002105402
17002105702
17002106502
17002106702
17002106802
17002107002
17002107102
17002107402
17002107702
17002109202
17002109502
17002111802
17002111902
17002112802
17002113002
17002113602
17002113702
17002600102
17002600402
17002600702
17002601101
17002601202
17002601902
17003500202
18003300802
18003302302
18003302602
18003302902
18003303502
18003303602
18003303702
18207000702
18207006002
18207015002
18207016002
18337012102
18343003002
18343003402
18343023002
18343052002
18343061002
18349002002
18607002002
18607006002
18607008002
19006400102
19006400402
19006401420
