105891
1237
1244
1248
1251
1256
1258
1265
1266
1272
1277
1278
1286
138662
138663
15799
15835
15837
15838
15841
15843
15844
15845
15847
15848
16740
16765
17204
179089
179090
179093
195185
195195
195210
195212
199855
199858
199860
199867
202550
202915
202916
202917
202918
202919
202920
202921
202922
202923
202924
202925
202927
202928
202929
202930
202931
202932
202933
202935
202936
202937
202938
202939
202945
202947
202948
202949
202950
202951
202952
202953
202954
202956
202957
202958
202959
202960
202962
202963
202964
202965
202967
202968
202969
202970
202971
202972
202973
202974
203032
214660
214662
214841
216859
216871
216927
216956
216997
217005
217006
217030
217031
217038
217044
217045
217046
217060
217087
217098
217115
217122
217138
217145
217157
217231
217236
217252
217263
217275
217315
217320
217344
217346
217351
217354
217362
217370
217378
217405
217416
217431
217451
217459
217462
217474
217483
217485
217487
217500
217506
217529
217545
217547
217587
217594
217597
217614
217634
217637
217644
217645
217650
217667
217683
217732
217743
217769
217777
217788
217802
217805
217807
217819
217834
217894
217908
217927
217932
217935
217940
217946
217947
217957
217970
217992
218003
218004
218036
218048
218066
218070
218076
218083
218106
218109
218178
218179
218227
218231
218236
218260
218271
218316
218327
218359
218374
218395
218425
218428
218432
218445
218460
218473
218494
218515
218521
218536
218542
218605
218615
218643
218672
218673
218704
218713
218743
218744
218756
218769
218792
218804
218825
218833
218841
218852
218853
218854
218872
218884
218889
218908
218911
218941
218972
219005
219016
219027
219035
219053
219064
219070
219073
219081
219094
219129
219157
219170
219187
219238
219243
219250
219252
219257
219266
219277
219283
219313
219315
219320
219321
219335
219347
219361
219363
219374
219388
219399
219460
219479
219487
219498
219501
219508
219519
219529
219536
219569
219578
219588
219589
219597
219601
219603
219616
219631
219645
219659
219671
219674
219679
219693
219696
219704
219710
219757
219765
219775
219834
219850
219871
219896
219910
219921
219925
219926
219936
219959
219961
219967
219989
219992
220024
220032
220045
220047
220077
220078
220103
220108
220113
220134
220151
220167
220194
220201
220207
220234
220236
220247
220248
220259
220267
220268
220272
220275
220301
220348
220392
220415
220418
220429
220430
220444
220455
220475
220493
220499
220503
220551
220560
220571
220574
220587
220598
220628
220651
220661
220680
220681
220685
220695
220700
220702
220719
220720
220737
220757
220780
220783
220878
220881
220897
220900
220905
220907
220967
220976
220993
221019
221031
221055
221073
221093
221098
221114
221115
221133
221139
221156
221162
221175
221179
221203
221204
221224
221228
221234
221243
221278
221280
221282
221284
221293
221296
221317
221348
221376
221381
221419
221431
221472
221494
221495
221522
221525
221526
221531
221538
221547
221574
221580
221598
221605
221644
221646
221659
221664
221678
221682
221692
221702
221775
221784
221810
221812
221814
221821
221839
221852
221886
221894
221906
221946
221950
221956
221973
221976
222002
222005
222034
222055
222056
222066
222073
222074
222094
222107
222111
222119
222140
222142
222150
222169
222178
222240
222267
222278
222280
222291
222293
222295
222297
222300
222303
222367
222369
222382
222397
222407
222429
222440
222460
222470
222480
222500
222501
222509
222548
222558
222571
222573
222593
222594
222601
222624
222628
222630
222633
222685
222692
222694
222707
222708
222730
222735
222757
222767
222774
222799
222803
222834
222845
222853
222859
222873
222874
222901
222921
222927
222935
222940
222949
222973
222984
222994
222995
223017
223019
223032
223071
223072
223084
223087
223108
223113
223133
223134
223136
223137
223142
223145
223155
223157
223210
223234
223249
223264
223275
223276
223279
223299
223321
223337
223350
223363
223390
223394
223417
223439
223440
223454
223513
223519
223523
223563
223571
223575
223589
223593
223602
223610
223630
223651
223665
223670
223694
223713
223724
223732
223744
223749
223767
223788
223792
223804
223806
223818
223844
223854
223873
223880
223887
223899
223929
223958
223963
223964
223976
223984
224015
224032
224034
224048
224049
224082
224083
224096
224107
224120
224153
224156
224185
224192
224213
224224
224230
224233
224239
224285
224294
224368
224379
224395
224401
224424
224430
224440
224449
224454
224465
224478
224505
224559
224564
224575
224591
224593
224611
224624
224630
224651
224662
224663
224679
224683
224715
224728
224730
224741
224758
224760
224768
224769
224770
224775
224787
224866
224878
236604
236613
236631
261996
262000
262001
268625
268626
268628
268630
268657
268660
39179
39302
39303
39304
39305
39306
39307
416574
416575
416578
416579
416584
416590
416592
416604
416606
416607
416609
416615
416616
416619
416624
416627
416631
416633
416635
416640
416649
416651
416655
416656
416661
416662
416665
416666
416667
416668
416670
416672
416674
416675
416676
416677
416678
416680
416682
416690
416696
416699
416704
416707
416709
416711
416714
416717
416718
416721
416722
416726
416727
416728
416729
416730
416731
416735
416737
416740
416741
416745
416747
416748
416750
416751
416769
416772
416775
416777
416779
416782
416787
416795
416797
416800
416805
416807
416808
416809
416815
416817
416818
416823
416826
416830
416839
416840
416841
416848
416859
416861
416862
416864
416866
416868
416869
416870
416875
416877
416880
416888
416891
416897
416898
416899
416900
416906
416907
416912
416913
416914
416918
416919
416921
416925
416930
416931
416932
416935
416936
416940
416941
416942
416945
416958
416959
416964
416965
416966
416971
416981
416983
416984
416985
416988
416990
416996
416998
417000
417001
417002
417004
417006
417008
417012
417019
417021
417023
417027
417029
417033
417035
417036
417039
417040
417047
417050
417054
417055
417056
417057
417059
417062
417064
417066
417069
417072
417074
417076
417079
417084
417085
417088
417089
417092
417097
417100
417102
417106
417121
417122
417125
417127
417128
417130
417131
417133
417139
417140
417144
417146
417148
417150
417151
417154
417156
417158
417160
417164
417166
417170
417177
417180
417189
417198
417200
417203
417207
417208
417209
417210
417211
417212
417217
417218
417220
417222
417227
417230
417239
417243
417245
417249
417252
417253
417256
417265
417266
417267
417268
417271
417272
417273
417279
417282
417286
417290
417292
417293
417297
417300
417304
417309
417311
417322
417326
417327
417328
417330
417333
417337
417338
417340
417347
417350
417355
417357
417358
417361
417363
417366
417370
417372
417375
417377
417380
417384
417388
417400
417402
417406
417408
417411
417413
417418
417419
417425
417427
417428
417429
417431
417436
417438
417440
417441
417442
417443
417446
417451
417452
417453
417459
417462
417465
417467
417474
417479
417489
417491
417493
417495
417505
417509
417511
417512
417513
417518
417522
417524
417529
417530
417532
417539
417541
417545
417546
417548
417549
417551
417552
417554
417555
417558
417559
417561
417567
417570
417573
417583
417584
417585
417587
417588
417590
417594
417599
417600
417603
417615
417619
417627
417628
417631
417633
417634
417635
417637
417643
417645
417647
417649
417652
417653
417657
417660
417662
417665
417666
417669
417670
417677
417679
417680
417681
417682
417685
417688
417693
417696
417697
417699
417705
417708
417709
417712
417715
417719
417726
417727
417729
417735
417737
417738
417739
417741
417743
417745
417750
417751
417752
417755
417757
417758
417763
417765
417771
417773
417774
417781
417787
417790
417793
417796
417799
417803
417807
417809
417810
417811
417818
417820
417822
417823
417825
417829
417839
417840
417841
417847
417855
417858
417863
417867
417880
417881
417883
417885
417886
417887
417888
417897
417901
417906
417907
417911
417913
417915
417917
417921
417923
417924
417928
417929
417931
417933
417934
417943
417950
417951
417957
417959
417960
417963
417968
417971
417972
417974
417979
417980
417982
417983
417986
417987
417991
417992
417993
417998
418000
418001
418003
418004
418005
418012
418013
418019
418021
418022
418025
418026
418029
418030
418036
418043
418047
418049
418056
418059
418061
418063
418064
418066
418067
418069
418075
418076
418078
418080
418081
418082
418083
418085
418089
418090
418092
418095
418098
418099
418101
418107
418113
418117
418119
418121
418124
418127
418129
418130
418134
418139
418141
418142
418144
418145
418148
418157
418158
418166
418173
418174
418178
418180
418181
418186
418190
418197
418200
418207
418209
418211
418212
418214
418215
418216
418218
418219
418223
418225
418226
418227
418230
418234
418236
418240
418243
418244
418248
418252
418253
418258
418260
418261
418264
418266
418268
418269
418270
418272
418273
418274
418277
418281
418282
418284
418290
418304
418308
418311
418312
418318
418323
418327
418328
418329
418332
418334
418335
418342
418348
418349
418350
418351
418354
418355
418358
418364
418365
418366
418375
418386
418389
418390
418395
418400
418401
418407
418409
418411
418416
418419
418420
418424
418430
418431
418436
418438
418445
418446
418448
418450
418451
418452
418456
418457
418458
418460
418463
418470
418473
418479
418487
418492
418495
418496
418499
418501
418502
418505
418506
418514
418516
418518
418521
418524
418529
418530
418531
418535
418538
418539
418541
418544
418545
418549
418554
418557
418558
418564
418567
418572
418574
418575
418577
418579
418583
418588
418590
418591
418593
418596
418597
418603
418609
418610
418611
418619
418620
418622
418623
418625
418628
418630
418631
418634
418650
418655
418660
418665
418669
418677
418679
418680
418684
418688
418690
418692
418697
418699
418702
418705
418706
418707
418720
418722
418723
418727
418729
418730
418733
418734
418736
418739
418740
418743
443299
443304
443310
443311
446360
447780
447847
448050
448665
448687
449612
449992
450245
450648
451066
451205
451497
452364
452459
452616
453090
459078
459087
459097
467169
467172
467174
467175
467177
47805
47902
47930
479704
479705
479708
479712
479723
479724
479725
479731
479733
479735
479736
479737
479739
479744
479746
479748
479750
48370
48371
48374
48378
48381
48387
4885
4887
4888
4890
4891
4892
4894
4896
4900
4901
6170
6186
643258
643491
645308
645310
645315
645316
645319
645325
645328
645329
645330
645331
645333
645335
645339
645341
645347
645349
645355
645356
645357
645367
645369
645373
645374
645377
645378
645773
645774
645775
645833
645875
645884
645896
645897
645900
645903
646030
646033
646034
646035
646036
646044
6575
6606
6617
6620
6621
6622
6628
6632
6643
696
734083
734087
734088
734089
734090
734095
734096
734100
734102
734104
734105
734108
734109
734113
734115
734116
734117
734120
734121
734122
734123
734125
734130
734132
734134
734138
734146
734147
734150
734154
734158
734160
734161
734162
734171
734172
734174
734175
7605
7607
7608
7609
7612
7614
7615
7620
790112
802550
802560
802563
802566
802568
802571
802575
802577
802578
802585
802592
802601
802607
802611
802614
802621
802626
802628
802652
802656
802663
802665
802667
802674
802675
802677
802678
802683
802685
802687
802688
802692
802715
802722
802725
802741
802746
802762
802765
802768
802770
802785
802788
802794
802807
802821
802830
802837
802838
802839
802844
802859
802866
802873
802895
802903
802908
802910
802911
802915
802926
802932
802940
802946
802965
802975
802976
802987
802988
802990
802992
802998
803000
803011
803020
803022
803041
803048
803055
803068
803072
803084
803090
803092
803096
803100
803103
803112
803117
803118
803131
803138
803148
803150
803155
803157
803163
803164
803173
803182
803185
803202
803216
803225
803232
803235
803236
803243
803255
803257
803261
803267
803268
803269
803273
803287
803288
803289
803290
803295
803308
803309
803324
803332
803345
803349
803354
803369
803384
803385
803387
803390
803396
803397
803401
803403
803406
803407
803410
803418
803424
803426
803430
803440
803443
803446
803449
803455
803457
803460
803472
803475
803478
803484
803497
803515
803519
803540
803543
803546
803553
803558
803563
803570
803574
803587
803597
803598
803600
803602
803605
803606
803611
803622
803629
803656
803661
803677
803695
803705
803723
803724
803726
803752
803769
803776
803780
803781
803786
803789
803791
803792
803801
803803
803806
803811
803821
803830
803833
803842
803844
803850
803863
803864
803882
803892
803893
803894
803899
803904
803915
803916
803921
803927
803934
803937
803950
803981
803983
803991
804007
804017
804019
804034
804036
804037
804056
804060
804076
804083
804097
804105
804109
804114
804123
804125
804130
804134
804139
804149
804150
804152
804155
804157
804158
804164
804172
804180
804181
804182
804183
804197
804207
804214
804219
804223
804234
804247
804263
804269
804272
804274
804278
804280
804290
804295
804296
804302
804317
804325
804333
804339
804351
804366
804374
804377
804380
804399
804400
804414
804418
804447
804449
804462
804463
804464
804469
804471
804473
804480
804490
804495
804517
804530
804538
804540
804559
804602
804604
804609
804619
804628
804632
804633
804635
804640
804647
804651
804652
804654
804655
804657
804705
804708
804710
804711
804717
804838
804992
804993
804994
804995
804996
804999
805000
805006
805008
814596
814598
814599
814600
814601
814602
814610
814611
814627
816079
816080
837319
837334
837335
843901
843902
843904
843913
843915
843928
843931
843949
843955
843976
844012
844019
844023
844031
844039
844052
844053
84822
84823
84824
84825
84826
84828
84829
84833
84836
84837
84839
84840
84842
854293
854294
854301
85611
85626
85639
85644
85671
85676
85684
85685
85686
85688
85690
85691
85692
85694
85695
881519
881520
881523
881534
881535
894131
904729
905377
905378
905379
905380
905381
905382
905384
905385
905386
905388
905389
905391
905393
905395
905398
905402
905403
905404
905405
905407
905408
905410
905412
905413
905415
905416
905418
905419
905420
905423
905424
905425
905426
905427
905430
905435
905436
905437
905438
906776
906791
906805
906813
906815
