15475
15476
15478
15479
15480
15794
15795
17191
199869
202926
202934
202940
202941
202942
202944
202955
202961
202966
216915
217056
217063
217071
217072
217088
217121
217325
217417
217498
217502
217658
217708
217763
217857
218353
218420
218624
218730
218737
218767
218768
218875
218902
218986
219041
219104
219213
219258
219373
219428
219510
219629
219644
219690
219712
219736
219748
219908
219928
220013
220138
220170
220199
220369
220371
220376
220514
220662
220666
220725
220855
220862
220980
220986
220992
221096
221173
221261
221263
221275
221375
221415
221475
221569
221673
221748
221897
221988
222064
222117
222218
222289
222306
222492
222763
222783
222787
222843
223003
223064
223384
223647
223742
223780
223866
224123
224219
224247
224590
224648
224696
224714
224756
224827
224839
232946
416580
416603
416610
416614
416637
416659
416669
416679
416685
416691
416694
416698
416701
416716
416725
416733
416744
416752
416754
416758
416770
416780
416793
416798
416799
416801
416804
416821
416822
416847
416855
416873
416885
416904
416929
416939
416947
416948
416949
416953
416956
416957
416976
416991
416992
417025
417032
417037
417041
417052
417060
417063
417070
417078
417090
417093
417113
417115
417117
417138
417142
417143
417179
417201
417223
417229
417234
417241
417260
417262
417275
417276
417277
417288
417302
417305
417314
417317
417323
417335
417339
417342
417345
417356
417360
417364
417374
417391
417394
417399
417405
417422
417426
417437
417448
417458
417461
417470
417482
417488
417500
417503
417510
417517
417519
417526
417531
417538
417560
417564
417565
417575
417576
417581
417582
417586
417593
417597
417601
417609
417610
417621
417622
417624
417629
417640
417641
417646
417686
417704
417721
417722
417732
417742
417748
417749
417754
417772
417775
417778
417779
417780
417784
417786
417808
417813
417814
417828
417837
417842
417845
417849
417862
417873
417877
417895
417896
417898
417899
417902
417904
417916
417918
417919
417920
417930
417941
417944
417945
417952
417958
417961
417969
417977
417997
417999
418006
418023
418024
418033
418042
418057
418087
418094
418123
418140
418150
418155
418156
418159
418179
418191
418201
418205
418213
418220
418232
418238
418251
418265
418279
418280
418286
418288
418291
418292
418296
418313
418317
418324
418326
418344
418356
418357
418380
418383
418384
418402
418412
418417
418418
418426
418433
418434
418435
418440
418459
418462
418481
418488
418525
418526
418536
418555
418570
418576
418614
418658
418661
418663
418676
418698
418700
418715
418726
436306
438941
447708
47900
479702
479703
479710
479713
479714
479715
479717
479722
479730
479738
479741
479743
479745
48259
48372
48376
48383
643260
643261
643396
643535
643536
645799
645835
645837
645872
645873
645878
645881
645887
645893
645895
645898
645902
645904
646031
646041
6574
6591
6593
6594
6600
6610
6612
6619
6624
6633
6636
6639
6645
6646
7124
734084
734092
734098
734099
734103
734107
734110
734112
734128
734131
734140
734141
734157
734165
734167
734168
790111
802558
802567
802594
802609
802632
802642
802647
802649
802651
802719
802727
802737
802747
802815
802820
802824
802825
802851
802875
802878
802885
802888
802936
802951
802954
802968
802984
802997
803010
803023
803031
803057
803063
803065
803070
803082
803089
803111
803114
803160
803178
803192
803210
803211
803213
803215
803231
803241
803262
803265
803284
803312
803313
803314
803358
803366
803373
803381
803419
803423
803433
803439
803456
803461
803470
803479
803514
803523
803554
803589
803592
803618
803636
803650
803670
803682
803698
803732
803744
803745
803761
803768
803796
803799
803802
803812
803840
803846
803848
803860
803866
803888
803890
803895
803906
803910
803924
803989
803995
804021
804022
804043
804071
804103
804107
804127
804135
804145
804153
804161
804166
804193
804251
804279
804299
804314
804318
804320
804335
804346
804354
804365
804378
804388
804393
804436
804475
804485
804486
804491
804498
804516
804523
804527
804528
804545
804547
804581
804597
804599
804600
804626
804630
804643
804658
804669
804672
804678
804688
804694
804707
805002
805007
805009
816048
843914
843916
843919
843922
843924
843935
843936
843940
843947
843953
843954
843957
843958
843960
843961
843963
843964
843967
843968
843969
843971
843973
843974
843978
843979
843984
843985
843987
843989
843991
843993
843994
843995
843997
844002
844006
844007
844009
844013
844017
844018
844021
844026
844033
844036
844045
844048
844049
844051
844054
85693
894103
905383
905392
905394
905397
905399
905401
905406
905409
905421
905432
905433
905434
